
814
130
510
255
825
460
70
474
436
307
461
257
51
649
77
810
234
952
126
543
9
679
558
712
259
119
183
494
3
320
465
372
79
553
534
911
557
857
621
480
369
691
758
16
595
622
920
481
19
697
400
487
515
320
488
539
556
463
172
351
131
507
289
465
265
107
204
730
734
965
329
694
232
417
517
729
1
91
826
747
426
691
536
130
791
389
903
855
764
754
967
368
318
677
105
17
503
807
117
771
457
72
455
587
897
475
317
251
157
340
317
113
23
557
797
991
740
597
142
819
555
864
909
573
229
952
995
271
856
858
914
342
676
477
964
729
271
921
90
439
581
125
497
366
398
197
641
581
817
24
227
259
28
151
955
592
3
185
227
864
582
729
30
369
978
461
535
703
108
869
998
768
869
256
233
858
61
397
160
727
554
445
456
951
317
707
532
286
446
306
731
810
795
462
461
776
267
60
43
217
261
184
218
349
254
295
237
35
32
671
677
882
565
417
831
821
255
675
571
649
977
450
124
292
62
40
809
650
629
398
280
881
453
584
204
676
756
793
117
671
659
283
760
61
247
210
487
901
12
414
288
682
170
109
140
12
277
954
396
753
256
581
963
817
623
199
974
209
860
818
138
22
588
114
39
291
912
742
587
95
71
444
958
478
799
72
698
834
598
624
11
511
150
942
909
795
511
376
4
335
83
6
869
571
106
674
79
596
916
731
429
861
819
32
401
679
22
38
959
904
718
68
589
579
179
843
406
215
42
432
801
463
826
979
602
929
756
283
713
486
701
502
842
357
829
962
589
247
515
529
725
320
911
796
354
905
641
879
480
236
399
74
158
568
92
700
195
473
429
157
658
927
841
427
342
357
700
588
922
232
478
107
904
951
28
110
156
502
718
517
303
28
982
367
438
414
222
886
658
933
279
464
598
606
694
915
359
258
607
242
413
182
590
576
553
620
436
637
462
997
919
115
893
370
830
519
195
575
820
732
264
893
474
396
612
954
329
809
837
919
502
479
831
68
629
924
436
255
166
730
361
923
996
473
449
618
801
332
241
926
340
539
880
281
646
558
913
527
611
182
492
254
265
341
72
566
621
55
444
390
121
47
938
287
796
550
619
967
659
632
387
196
541
412
780
401
445
702
548
992
727
995
972
199
199
36
188
282
736
509
827
907
849
604
337
499
598
208
448
744
