312
446
262
313
27
272
434
710
495
558
457
358
56
142
412
606
945
101
791
786
456
607
674
991
851
826
877
703
536
369
874
918
103
311
458
242
536
634
812
402
336
550
213
71
268
651
827
135
53
335
64
248
732
163
133
507
433
845
400
783
3
85
89
854
440
702
556
25
624
986
539
284
454
432
87
506
37
237
575
907
839
617
228
619
103
303
245
349
891
890
925
789
973
386
288
826
178
383
972
236
344
47
614
32
450
496
533
637
821
159
366
139
906
266
454
718
991
395
930
598
748
572
685
419
748
420
428
754
349
173
702
791
359
340
916
930
362
179
426
686
977
497
231
174
234
396
673
135
780
323
281
987
402
619
542
930
110
507
634
502
47
761
1
722
943
419
35
959
338
534
232
779
548
234
297
269
101
682
562
691
146
424
862
94
948
808
468
75
667
62
524
890
518
814
380
533
814
314
204
14
524
813
640
576
771
249
144
320
717
82
565
213
290
167
741
935
429
539
571
42
777
251
804
567
725
607
442
192
618
300
212
973
468
513
953
501
582
986
646
900
301
66
993
156
261
435
266
72
371
181
254
913
5
968
538
230
545
955
157
936
913
974
449
646
470
855
385
796
452
723
223
60
682
106
666
144
160
585
677
172
811
406
994
400
770
4
260
36
409
651
711
611
727
827
268
550
877
882
696
640
389
258
651
972
914
909
999
212
790
425
738
369
678
795
136
572
919
271
824
183
643
740
749
465
186
59
791
722
260
536
591
628
864
668
993
121
900
458
9
742
619
493
575
856
892
16
282
766
144
401
697
23
346
258
218
233
242
495
983
910
960
200
384
980
721
641
650
429
994
110
411
273
528
672
75
988
624
792
533
113
665
30
483
995
254
303
888
329
573
684
182
65
971
375
977
27
68
216
589
598
158
840
272
712
376
736
437
964
588
161
547
345
626
89
414
148
278
778
273
273
75
95
47
415
521
676
616
687
186
780
419
767
51
242
561
674
313
150
940
969
968
851
636
671
900
298
540
938
728
410
360
948
430
7
602
590
602
988
305
583
616
526
290
744
913
965
417
409
327
115
825
80
391
963
742
511
687
316
823
515
394
28
213
739
59
361
98
93
484
920
951
636
977
608
606
357
716
423
63
170
186
88
448
775
770
470
66
546
728
411
525
117
581
127
271
74
939
614
465
463
351
722
461
773
726
330
664
440
364
837
512
359
269
983
529
103
736
716
104
785
632
163
240
486
458
69
704
724
759
6
361
875
412
200
841
153
693
566
976
464
356
133
930
19
551
922
390
786
333
150
695
809
41
578
951
631
497
938
960
527
729
514
410
983
466
483
149
868
477
704
451
49
111
972
457
343
772
149
600
183
747
802
771
803
529
367
957
829
454
621
556
612
546
132
837
944
281
532
349
328
869
702
512
303
201
339
520
410
819
476
244
740
673
347
642
636
966
235
868
469
372
298
831
572
221
89
480
251
508
174
268
995
313
899
235
839
815
922
939
402
733
453
114
287
178
557
838
17
474
727
662
254
90
285
663
983
134
447
812
466
927
292
548
660
76
354
991
951
26
211
935
713
532
62
278
638
793
736
176
284
561
117
36
264
79
944
562
953
769
932
197
296
799
95
627
212
133
886
807
702
844
644
609
448
793
592
128
166
517
643
914
497
468
132
768
481
104
582
866
989
593
741
402
1000
330
468
143
237
27
579
777
659
424
497
238
247
250
594
183
205
782
122
699
597
404
954
986
876
320
486
37
163
485
619
266
545
301
375
620
981
33
898
836
79
672
666
402
673
365
230
932
535
653
642
942
733
183
463
277
868
944
551
205
491
297
883
19
395
721
581
768
420
34
814
298
705
990
264
208
99
523
64
680
310
61
895
781
560
419
73
576
862
253
185
181
305
21
935
660
996
229
725
645
326
885
526
905
773
651
406
930
846
525
88
583
147
136
512
601
645
899
673
648
706
553
61
393
24
26
505
966
729
960
309
689
113
88
696
142
768
15
74
952
966
44
799
581
23
360
766
607
978
18
984
994
195
252
515
92
998
324
391
772
187
436
215
829
514
19
574
87
926
800
461
787
776
760
235
984
216
680
876
887
207
115
237
858
660
469
437
201
689
292
897
666
528
939
276
774
391
821
460
715
719
390
119
7
134
560
186
113
648
856
179
304
507
247
48
720
706
671
85
910
835
445
187
352
393
137
328
619
281
17
95
945
532
923
1000
559
338
929
307
584
386
542
886
187
505
51
284
758
301
991
4
664
841
209
826
194
518
783
285
872
621
122
900
77
330
571
150
574
971
274
282
717
516
207
483
475
576
934
98
736
707
996
574
157
849
13
731
190
962
100
994
816
336
45
853
952
2
648
35
838
439
215
78
902
367
994
364
290
218
743
685
470
620
758
683
96
787
63
676
369
248
940
140
265
125
844
289
19
231
99
336
6
669
278
907
209
481
956
344
186
267
295
639
566
410
296
981
231
850
752
94
326
16
18
578
33
65
992
312
108
76
181
217
602
859
449
353
922
489
877
581
436
502
327
956
390
757
75
516
997
331
986
386
826
476
152
565
937
715
737
448
392
419
832
305
504
412
593
985
543
804
392
285
480
722
68
636
482
457
912
431
788
566
595
723
166
617
210
344
569
296
826
82
816
846
89
18
174
572
379
122
337
569
321
353
68
630
619
890
58
314
904
648
664
746
42
50
966
61
648
667
35
783
267
376
215
328
181
748
216
438
613
80
259
109
541
466
772
308
786
226
842
395
779
942
483
878
498
421
658
976
373
239
234
950
783
351
470
114
549
651
41
210
7
162
202
283
170
178
8
159
786
687
629
961
907
517
986
181
826
931
820
809
24
445
576
472
965
995
836
791
77
254
734
395
814
422
244
558
678
36
535
265
23
370
759
679
669
860
685
203
254
686
924
47
784
511
858
573
830
522
983
871
187
83
465
160
293
735
672
867
86
610
750
17
949
379
715
620
933
470
511
992
484
606
894
960
373
486
191
429
115
909
362
898
931
902
715
510
110
541
146
356
398
584
831
51
914
650
920
426
82
406
627
972
762
977
510
674
992
405
24
290
93
822
630
818
836
1
123
176
673
551
843
578
845
679
721
276
239
251
926
203
136
442
824
65
758
413
616
689
56
731
296
823
983
17
563
690
992
401
601
639
785
857
692
568
929
976
658
798
408
864
149
561
3
652
845
566
951
592
100
865
637
702
393
697
867
781
672
892
155
69
845
802
328
705
133
647
480
910
589
502
453
264
801
125
242
885
931
822
366
816
814
64
880
376
279
627
666
792
245
916
451
384
307
357
226
25
527
633
880
58
126
746
396
395
340
541
116
915
409
875
376
746
144
103
709
250
470
978
712
582
349
680
943
778
639
385
299
189
740
900
277
323
248
81
27
970
903
443
205
493
884
326
982
494
168
428
732
528
752
760
347
420
908
291
539
524
821
877
63
324
72
907
669
669
998
553
615
367
703
295
969
976
546
472
752
533
689
195
769
903
678
473
321
750
372
21
152
49
272
420
483
382
607
655
979
772
24
939
979
22
328
802
508
703
260
447
682
556
741
179
584
389
267
127
390
243
804
107
728
855
354
976
472
221
566
134
968
838
146
641
487
593
853
872
454
608
509
587
585
805
194
740
198
390
277
170
831
352
648
210
208
862
740
889
880
752
608
748
533
430
239
29
477
637
871
806
712
272
432
141
532
164
323
311
426
712
611
296
936
540
169
178
78
605
605
807
251
405
756
505
854
717
109
636
153
29
366
976
139
326
392
448
1
923
168
228
763
972
417
328
355
591
738
498
465
344
802
589
135
219
985
803
839
198
296
24
301
738
762
737
327
102
545
170
892
813
307
735
390
301
923
87
941
188
31
139
83
334
657
621
445
128
104
112
964
814
163
899
50
407
395
192
847
632
678
780
407
670
440
938
939
484
136
341
892
605
699
805
510
291
961
197
469
602
365
888
243
287
1
671
641
833
645
98
367
695
324
688
662
879
578
239
57
37
649
911
981
337
95
138
408
858
717
490
873
308
863
797
95
613
315
846
125
538
190
785
681
697
225
234
466
254
31
635
883
27
124
191
584
298
55
249
794
498
371
986
590
238
187
202
444
321
472
418
824
476
980
450
945
168
179
102
939
357
31
574
186
747
187
600
695
805
170
112
381
68
77
581
292
964
379
830
243
721
934
952
108
897
660
523
455
825
395
555
688
746
186
468
874
266
240
499
548
730
414
398
99
523
962
724
843
846
891
754
249
968
402
915
523
401
292
384
317
579
239
656
985
406
248
756
161
113
339
580
491
185
407
990
444
439
90
58
886
704
131
62
842
853
113
983
296
508
767
685
426
21
5
118
749
100
869
376
898
365
509
8
827
830
547
795
31
590
874
751
868
829
182
473
282
385
136
216
667
496
294
90
428
846
498
943
895
73
314
183
237
76
99
678
593
829
208
761
703
872
324
751
999
190
652
331
460
217
723
503
109
495
617
301
669
623
388
379
199
818
424
479
148
921
387
161
918
765
40
795
742
297
934
427
190
160
342
412
672
856
952
281
550
674
289
982
650
161
677
193
785
38
18
467
667
431
973
165
968
573
1
403
191
191
963
960
846
509
178
238
979
652
958
246
326
130
194
15
931
808
118
168
278
921
367
495
422
488
865
780
763
864
60
872
532
79
979
431
519
892
800
914
556
773
764
630
644
807
677
163
239
248
65
744
323
691
185
665
275
958
522
86
267
47
179
70
314
169
608
307
82
918
908
671
814
834
746
154
67
943
276
477
53
421
880
334
394
254
275
955
931
41
853
336
581
450
255
993
662
215
223
407
643
993
89
32
426
649
322
937
160
652
444
239
915
319
23
733
153
116
192
697
386
931
369
580
936
170
310
662
232
847
574
837
478
298
351
832
750
534
274
799
751
961
168
164
863
836
929
448
627
257
936
12
515
767
429
547
787
221
776
990
540
414
490
76
97
161
74
264
289
879
184
518
686
46
285
697
801
700
875
725
363
304
195
354
777
846
898
722
279
532
555
196
54
433
181
724
946
326
585
323
867
123
835
836
144
601
907
181
905
540
787
453
294
219
2
546
14
958
552
706
759
136
942
24
821
522
58
473
849
644
195
528
74
856
468
323
59
742
423
28
792
377
52
853
442
960
752
425
699
767
294
374
836
580
364
188
705
415
591
961
348
712
476
109
701
667
786
947
354
906
595
404
178
979
825
22
531
469
777
494
660
325
97
91
884
380
469
98
452
925
302
480
342
154
28
40
995
755
45
422
76
525
4
414
555
724
576
67
664
493
398
792
729
367
684
811
362
723
7
264
256
973
65
900
441
671
498
114
271
841
336
692
736
355
139
491
904
673
144
842
526
754
351
837
921
441
781
160
864
647
122
300
64
130
532
750
598
411
426
685
565
449
576
767
889
893
839
119
849
54
644
744
433
327
587
191
621
523
769
926
524
972
183
649
776
571
84
390
587
160
796
215
89
313
545
499
486
778
761
745
309
873
475
128
866
600
305
125
810
206
999
983
677
992
228
862
992
871
31
705
620
231
687
952
870
953
267
656
199
790
32
948
416
477
586
435
377
200
418
170
554
706
588
451
656
143
278
408
589
141
170
242
534
671
272
904
367
601
721
738
197
465
1
332
998
680
1000
904
128
957
716
558
883
10
766
496
275
451
440
645
73
834
76
387
549
222
57
575
676
352
538
884
7
930
597
520
342
744
456
852
169
848
944
36
387
122
914
204
572
424
432
699
283
355
781
889
849
198
468
478
559
337
987
784
191
90
130
45
958
116
118
214
60
820
908
535
419
847
652
958
216
253
604
937
730
570
758
958
375
292
867
442
255
974
803
922
627
659
946
370
80
295
423
788
350
677
797
991
206
718
722
720
373
750
485
728
861
563
834
753
481
86
913
564
205
528
441
101
930
280
356
591
290
980
500
654
864
674
499
685
133
989
114
955
38
788
966
957
934
272
273
899
8
337
779
501
255
839
432
83
978
473
495
82
520
18
804
640
160
854
652
297
363
951
440
912
980
136
317
891
233
529
683
432
800
582
796
628
835
247
431
480
482
254
523
446
208
134
444
774
95
383
569
512
427
733
354
309
171
202
297
337
771
440
574
586
867
691
798
569
76
457
769
501
940
845
672
290
910
698
915
580
822
558
536
582
494
507
750
112
1
821
582
930
808
681
678
278
938
781
510
542
969
663
126
52
557
586
839
403
328
368
977
239
337
575
677
402
371
688
86
857
409
88
991
35
844
975
77
496
964
298
582
866
236
915
965
621
159
92
615
144
901
398
131
892
408
527
102
197
598
971
401
877
909
294
84
162
452
355
334
5
934
106
559
238
978
322
4
466
80
985
386
775
917
329
873
291
648
193
153
297
718
462
512
169
686
564
669
233
548
786
798
935
48
55
977
311
627
81
226
110
104
100
403
457
468
427
291
1000
451
411
759
9
234
92
863
533
267
563
988
281
548
537
551
195
344
694
687
886
376
654
866
132
999
493
382
937
793
931
508
906
151
956
79
396
44
685
527
605
497
660
676
823
646
360
804
973
62
409
66
774
496
205
835
738
815
46
200
592
75
822
646
272
330
272
866
688
748
462
560
719
253
709
199
363
121
123
704
656
766
689
635
822
926
439
44
850
609
91
578
142
4
545
911
489
595
446
646
556
236
331
734
355
12
404
382
667
252
57
690
436
170
109
74
641
887
531
7
144
164
845
380
449
266
474
519
988
840
849
869
30
296
972
742
816
122
325
134
147
104
743
706
651
886
992
235
740
189
991
443
171
869
249
544
305
828
429
472
829
157
443
803
581
539
153
478
767
515
18
823
351
156
123
270
655
469
682
40
131
672
426
89
724
711
50
211
774
201
128
620
187
717
460
564
181
119
137
352
751
209
814
824
826
151
701
636
175
311
787
812
941
567
96
455
90
347
360
681
812
798
596
355
951
140
781
873
544
956
753
406
945
145
925
183
244
536
156
870
905
263
179
438
798
741
398
868
591
953
315
769
411
546
582
79
619
578
276
312
98
678
841
279
56
661
743
105
342
134
622
553
425
521
795
548
95
41
548
452
792
912
125
604
76
510
120
181
742
637
999
295
174
117
41
274
931
201
799
81
517
144
986
883
227
144
873
708
905
455
593
16
144
228
454
885
273
521
191
695
955
941
649
634
869
41
857
482
474
690
177
436
84
356
875
101
921
92
166
715
206
784
760
997
390
237
78
543
602
75
397
649
723
564
75
215
895
356
746
625
346
621
267
522
49
799
990
473
737
261
440
633
911
510
573
277
548
703
99
384
481
533
830
366
779
884
218
199
581
244
632
287
654
617
901
474
772
582
281
536
985
69
984
64
320
401
42
188
107
416
669
666
899
714
594
519
648
729
654
742
459
330
892
151
33
877
9
93
416
234
667
909
610
221
268
841
165
648
701
315
834
108
943
803
975
376
571
662
715
975
129
196
473
277
91
395
392
212
305
744
889
317
468
842
59
887
14
475
848
391
83
149
199
550
948
73
862
593
452
856
870
338
857
288
52
320
842
702
820
311
993
208
394
787
594
996
779
431
890
356
132
1
400
940
497
167
878
707
583
227
782
399
613
167
608
503
48
801
372
989
459
478
751
276
348
948
919
614
615
414
51
79
833
608
111
292
50
114
810
839
564
170
1
696
157
529
488
954
715
394
201
477
926
543
824
252
969
432
392
610
913
383
124
37
364
484
201
336
238
559
592
719
471
503
970
681
904
189
29
108
963
33
420
46
672
86
612
592
979
709
893
207
151
295
639
880
23
226
614
151
636
352
449
299
687
365
23
778
959
145
497
771
961
373
831
750
557
312
64
680
188
530
352
808
758
966
534
941
412
170
756
805
11
28
904
379
834
217
12
21
797
823
729
657
707
421
538
808
684
584
402
701
911
466
34
313
98
875
803
466
259
931
982
215
270
292
924
57
343
831
562
468
47
794
392
349
79
64
836
167
304
432
952
613
846
403
237
366
753
761
183
420
432
584
360
343
268
874
306
626
571
437
988
948
311
875
794
905
653
924
709
71
352
447
122
961
724
448
523
499
248
525
674
517
959
613
189
795
499
252
539
144
87
492
313
670
33
428
838
241
740
269
311
447
617
63
586
845
773
195
926
298
325
706
162
270
568
200
201
713
748
970
53
617
429
835
895
94
762
809
933
551
728
60
37
632
463
961
74
770
155
138
934
615
890
307
146
511
990
442
104
291
568
109
17
689
955
9
484
865
163
596
750
298
327
888
244
787
423
110
458
620
306
685
487
215
303
592
532
664
158
322
957
472
723
166
651
908
406
829
759
907
387
13
686
455
267
855
386
934
20
334
34
89
64
167
136
672
959
676
341
764
893
774
639
372
369
936
590
360
271
479
137
300
397
277
889
530
82
820
904
160
10
264
11
421
474
410
247
852
446
851
181
879
370
750
729
294
263
406
942
836
323
581
777
906
293
524
610
280
422
570
746
183
165
523
384
655
672
942
874
594
639
566
293
122
653
193
177
26
719
92
283
273
435
1
866
883
295
743
455
399
744
182
407
811
157
768
232
760
817
782
849
65
196
231
128
255
802
99
886
432
616
84
538
129
881
661
440
553
228
443
995
285
718
717
60
178
560
590
661
831
72
601
710
226
47
251
762
689
420
959
766
938
37
299
270
564
166
925
797
819
884
704
732
501
848
263
137
291
748
87
595
331
876
773
474
55
717
739
766
824
283
750
354
654
329
143
815
552
715
528
901
565
237
189
533
158
67
679
901
253
218
530
338
149
654
692
399
753
616
202
416
186
640
244
766
582
370
101
745
24
985
550
269
498
477
627
189
340
528
29
686
540
317
42
74
551
56
648
276
840
494
973
687
744
560
269
98
106
525
832
934
983
386
375
744
193
667
521
621
809
37
432
764
427
251
432
657
457
210
417
563
239
506
164
993
778
374
116
802
696
418
992
883
462
439
348
947
472
969
308
237
731
374
115
71
1000
459
465
533
143
989
557
634
854
272
900
529
597
700
436
318
341
276
283
530
987
293
95
242
590
637
736
375
147
619
730
758
930
845
288
438
182
982
639
513
424
990
626
495
232
201
467
671
208
770
196
899
433
908
653
707
91
713
388
465
65
749
905
120
25
102
842
396
635
886
423
390
976
740
510
648
119
627
22
211
954
431
741
242
431
317
93
550
338
759
669
865
136
839
796
67
650
232
300
291
641
146
743
401
684
66
971
726
975
60
24
951
121
212
886
41
343
119
124
970
846
810
19
990
455
47
273
279
203
808
368
422
285
783
375
100
501
988
429
145
261
283
38
8
708
126
650
747
195
730
598
171
431
992
629
696
277
759
134
173
600
491
753
833
321
386
462
808
878
982
571
890
270
578
727
547
104
610
508
933
90
816
9
581
556
524
329
512
442
11
326
869
532
899
554
855
264
795
363
721
928
19
231
436
518
72
33
709
225
219
828
742
808
862
119
450
946
710
795
447
681
378
966
118
576
972
244
274
923
591
635
56
543
538
957
2
539
383
398
63
84
331
319
903
790
433
685
786
269
458
806
163
539
732
647
81
579
667
218
271
155
311
91
510
715
211
37
378
30
936
29
684
222
677
240
86
815
210
710
734
456
163
94
639
25
401
389
222
940
833
506
805
914
338
162
126
803
779
221
487
602
975
202
216
848
791
633
927
204
997
231
705
363
354
778
602
292
519
669
532
668
730
844
231
956
54
258
365
172
134
718
480
507
226
269
849
367
327
270
311
89
339
568
998
343
497
963
850
439
492
595
857
68
784
989
392
147
797
949
536
812
495
661
948
160
74
905
135
834
55
866
356
950
530
419
63
908
792
672
469
917
975
763
982
954
770
610
12
33
522
847
58
426
439
325
709
43
26
609
84
49
166
527
205
835
650
627
748
65
777
659
662
843
950
482
403
44
809
669
716
283
877
458
321
998
385
919
537
570
368
495
668
345
362
997
318
730
216
516
84
389
512
469
454
276
940
268
462
950
322
488
380
39
31
237
876
624
359
479
430
710
85
843
864
745
410
436
12
35
327
208
569
181
491
981
569
383
7
990
797
237
369
860
48
595
763
100
413
151
70
484
451
109
452
744
267
105
118
624
119
632
789
299
932
670
450
395
99
856
213
235
876
690
103
948
308
876
147
226
596
928
307
605
611
818
19
88
886
477
306
367
255
911
255
595
787
376
788
353
915
962
170
162
771
363
374
240
99
161
700
662
854
137
51
209
758
450
539
346
470
395
807
399
503
52
273
183
129
626
260
770
530
186
293
617
354
272
693
81
64
150
181
164
846
969
925
289
607
288
994
439
893
661
226
552
934
115
64
575
197
784
766
781
542
759
457
99
191
533
860
897
950
321
444
923
674
349
446
916
423
985
607
768
305
241
939
374
429
84
797
728
729
840
997
310
903
262
696
532
31
234
45
2
225
709
387
976
299
159
917
395
716
768
272
176
432
8
935
621
398
369
99
44
539
401
930
72
677
752
69
465
50
355
183
730
441
357
972
878
264
275
961
825
194
72
676
603
840
579
522
356
572
922
975
206
954
85
169
386
365
382
972
519
589
142
574
465
839
96
553
801
930
911
233
27
60
423
379
591
67
618
874
924
380
904
950
26
673
74
120
47
5
424
382
426
831
961
960
44
700
249
535
677
610
535
860
575
315
362
459
894
268
393
870
619
204
36
250
591
535
817
461
265
189
566
111
150
89
450
180
167
350
663
832
892
552
972
420
463
994
181
660
716
293
601
961
485
736
210
976
124
443
815
326
646
733
488
211
695
912
177
127
40
539
330
441
505
95
138
297
470
556
544
203
526
647
155
13
415
16
420
430
560
509
131
759
903
942
56
967
761
24
702
215
682
546
731
603
638
744
152
511
19
960
175
934
288
403
909
401
323
149
301
497
299
738
201
880
129
138
159
432
68
227
547
872
241
652
51
951
541
356
33
542
884
911
337
709
183
960
387
186
933
568
999
806
575
576
256
677
782
755
735
837
995
746
132
195
302
719
582
756
988
991
993
88
14
706
44
860
303
756
46
772
26
895
307
896
802
658
746
954
613
585
847
60
977
535
251
149
420
145
173
542
764
53
842
474
401
147
468
362
23
704
387
24
381
788
468
761
854
9
69
198
849
382
385
369
215
702
818
926
494
262
78
70
163
585
574
778
952
167
178
8
548
757
422
582
452
794
616
466
533
245
970
851
126
501
433
101
856
789
531
750
465
508
518
7
916
991
25
740
658
311
427
706
842
819
809
375
256
318
472
81
238
234
170
721
59
356
78
805
469
600
835
867
178
199
653
722
423
651
118
389
441
886
402
784
68
530
51
223
124
461
882
314
828
349
306
291
823
299
982
636
804
986
778
229
600
780
249
525
234
537
21
896
573
849
257
846
234
564
944
682
980
65
280
738
384
863
86
745
838
298
794
231
291
1000
243
948
597
807
182
147
229
321
568
983
519
502
734
313
856
483
551
472
656
314
286
617
2
498
619
489
219
408
135
285
761
697
365
51
572
427
573
616
536
335
106
828
684
330
806
150
714
940
225
358
518
292
105
478
107
723
570
159
183
719
142
60
588
957
448
201
309
887
574
326
255
174
1
146
540
804
529
95
993
401
859
980
987
192
507
365
560
329
834
334
472
538
657
656
789
431
610
650
592
966
238
384
149
371
861
91
646
600
115
77
787
923
151
190
124
923
958
161
119
437
508
940
719
921
667
718
98
768
421
279
433
554
634
362
79
591
108
851
609
435
640
826
933
967
353
356
749
287
387
448
954
668
67
103
780
742
5
505
939
164
897
839
678
222
470
442
669
819
721
435
553
403
381
277
487
654
501
635
376
722
919
878
276
683
28
787
255
811
26
704
862
273
545
878
814
140
619
720
557
444
48
421
792
164
327
313
80
854
67
594
868
62
535
946
23
695
971
71
865
35
192
576
155
534
781
220
12
800
477
867
530
115
974
893
94
448
616
805
50
927
95
458
942
971
484
527
886
693
223
466
619
759
385
393
746
148
950
155
479
343
573
866
305
349
376
977
240
676
659
535
181
376
594
260
60
600
126
98
117
874
596
788
933
891
721
978
181
32
883
543
347
6
750
537
941
695
21
119
896
484
732
606
819
913
143
404
20
363
157
460
507
707
878
475
729
32
484
251
669
585
689
155
357
392
23
720
998
999
727
510
185
526
284
131
734
974
658
273
661
411
303
827
354
242
939
526
460
820
436
40
67
406
894
948
413
196
843
261
490
253
98
343
579
439
65
33
84
13
681
433
439
474
335
114
520
916
224
567
9
785
368
126
30
288
885
518
172
963
690
472
307
416
351
187
402
777
656
950
484
404
215
877
902
48
69
884
595
112
988
620
572
795
779
964
666
98
84
487
155
658
262
681
810
772
955
496
463
580
703
195
771
230
743
355
157
827
582
939
757
178
48
96
247
910
179
668
562
592
440
580
940
437
159
423
310
71
822
145
56
56
94
737
360
413
450
3
62
845
116
582
233
325
32
822
654
409
527
435
780
68
912
727
875
106
942
507
73
351
224
911
341
750
870
812
613
805
927
794
797
62
179
247
515
433
946
898
700
931
705
936
4
610
735
551
431
775
404
425
145
960
37
76
212
816
65
448
897
116
534
645
281
258
476
627
846
84
13
581
622
61
244
413
157
577
954
715
532
278
682
571
736
181
744
862
995
4
774
797
654
215
262
510
712
316
524
336
177
222
572
583
41
667
244
497
836
436
897
652
177
525
468
277
201
395
321
951
408
672
4
96
708
406
588
623
181
999
746
354
471
213
816
479
552
618
252
537
445
80
785
186
102
801
573
487
727
494
726
465
983
292
518
384
907
739
875
950
442
467
805
248
857
429
617
292
316
500
944
471
376
882
709
577
777
692
812
279
339
846
609
221
601
263
940
437
654
3
415
166
616
570
17
456
766
287
929
365
765
694
906
836
714
718
369
424
183
280
617
334
505
168
873
527
215
726
833
399
722
992
171
82
661
397
377
721
494
460
83
406
832
512
990
682
283
530
728
586
428
474
308
839
899
738
634
370
213
583
561
203
396
516
321
635
304
369
40
670
918
503
752
124
569
688
346
434
243
705
45
131
562
66
343
647
207
845
747
72
70
675
43
425
574
69
351
884
725
123
630
338
331
236
981
340
422
922
533
218
437
912
998
887
759
246
442
642
925
1
457
720
975
706
335
519
270
434
156
320
772
184
755
64
813
647
642
560
550
544
629
308
664
658
54
123
622
972
812
610
155
218
942
789
151
305
142
121
611
377
789
50
237
463
40
681
860
707
935
404
382
616
805
174
914
512
830
86
376
93
202
660
959
709
808
671
49
523
961
989
60
207
863
865
872
752
195
728
541
85
168
121
32
930
863
401
41
816
726
365
236
472
193
339
860
368
761
573
51
4
382
888
231
339
247
426
607
292
537
344
415
337
154
660
196
160
589
743
516
260
529
545
413
882
561
4
943
248
868
146
176
206
851
618
677
702
794
907
316
206
847
694
829
246
412
413
97
20
172
195
963
721
504
335
10
184
303
823
137
682
54
502
966
759
770
372
326
224
77
980
197
969
456
652
414
763
143
466
529
914
190
378
421
809
381
950
614
764
304
515
629
380
655
799
802
189
911
620
172
881
340
485
385
344
748
922
555
551
714
240
980
216
757
638
608
685
963
827
35
824
382
493
815
540
693
419
223
978
61
834
893
522
699
204
92
153
283
820
456
20
275
307
22
191
872
946
454
905
721
185
38
419
202
792
753
611
616
9
144
846
655
271
200
936
966
10
175
934
369
132
571
666
156
921
858
669
721
177
458
154
736
226
400
576
477
848
624
189
443
135
884
263
692
90
127
767
840
445
443
137
398
347
770
464
999
210
340
989
822
29
474
53
681
69
35
769
987
844
837
590
710
917
420
193
622
842
210
861
104
943
260
204
409
5
921
354
391
662
247
195
432
711
346
671
515
258
895
897
633
722
903
430
785
85
248
405
848
795
616
372
332
786
603
370
373
345
245
493
903
826
618
563
836
814
940
791
84
795
643
950
973
985
404
461
7
596
777
548
700
332
59
948
200
854
505
285
949
35
656
670
872
408
175
655
912
562
21
785
212
290
343
211
275
120
642
670
878
957
198
462
967
525
296
108
28
353
221
360
611
286
885
356
993
217
43
416
237
835
579
592
526
463
370
968
768
666
162
908
563
943
295
929
986
464
610
667
99
349
933
834
102
36
45
60
968
843
995
857
168
339
788
42
433
194
1000
555
244
20
521
156
378
992
773
969
100
495
753
729
68
533
683
766
274
406
79
244
453
726
735
609
619
546
764
90
184
220
905
991
499
27
682
326
801
543
415
969
316
82
824
888
152
315
704
156
171
78
665
94
272
247
945
915
664
8
43
194
630
961
809
661
275
777
287
369
247
258
946
892
714
361
495
374
949
564
925
350
965
494
294
848
759
537
772
533
623
596
956
574
129
50
653
382
286
429
221
550
352
857
175
455
927
283
582
311
504
707
941
777
785
279
164
920
116
80
52
130
127
987
898
360
819
960
456
378
108
997
474
181
909
341
702
835
667
467
517
175
690
754
880
683
121
383
857
11
388
991
179
943
896
517
633
128
733
666
633
238
605
167
134
685
954
211
31
233
272
354
836
998
976
287
942
221
228
601
991
664
513
20
634
91
182
954
561
658
675
849
881
869
61
762
907
901
492
456
711
617
662
837
652
736
551
855
458
692
9
470
948
789
270
139
927
881
652
715
912
891
710
392
714
204
811
648
190
947
644
52
440
471
38
430
625
972
715
963
759
231
88
433
953
246
252
473
455
862
504
453
774
250
48
280
385
986
198
45
411
732
440
658
381
779
208
284
332
663
434
730
910
75
824
724
933
53
47
582
711
97
404
257
367
353
341
517
488
978
805
647
166
270
89
490
847
189
753
682
250
582
780
628
289
786
684
721
926
66
487
657
131
555
144
372
346
767
581
166
816
345
748
93
680
412
240
119
598
866
155
715
145
623
650
284
364
127
162
643
61
171
992
661
217
718
330
430
79
486
304
646
692
543
864
796
597
457
377
366
406
345
172
390
956
570
750
397
803
321
931
305
43
902
157
536
346
510
987
431
414
818
230
922
542
969
929
258
161
181
154
723
62
339
179
317
85
5
888
38
217
440
911
951
14
914
490
205
680
89
10
12
61
282
628
821
329
971
931
994
423
552
351
289
927
154
4
908
376
900
312
499
168
145
498
357
38
614
180
494
406
593
635
797
965
782
957
214
189
692
966
877
583
999
148
994
29
72
478
334
798
546
145
713
13
653
91
900
902
608
236
160
496
552
581
543
403
136
59
5
329
963
716
13
127
301
610
816
14
744
264
241
449
151
669
279
150
572
479
552
151
748
32
758
837
761
823
113
190
88
262
482
93
813
550
627
733
167
364
778
681
757
108
539
143
943
99
181
304
378
655
247
647
262
615
445
405
129
562
562
428
193
622
210
468
305
432
635
389
552
192
871
375
64
975
465
25
459
362
279
573
241
47
186
623
246
850
89
533
901
267
189
658
856
791
181
154
592
277
411
311
163
205
850
237
970
607
351
32
380
153
439
28
94
278
854
888
414
948
545
241
585
104
576
802
756
609
234
585
435
930
264
651
883
530
148
881
165
348
142
923
345
870
412
274
243
919
956
299
714
215
439
785
600
871
407
484
476
53
810
261
207
185
621
83
224
931
690
607
372
373
993
20
401
440
134
996
703
538
338
436
262
207
144
361
168
58
952
89
370
15
934
600
611
793
457
672
467
69
542
70
273
310
398
497
430
700
106
473
889
396
470
141
974
419
507
334
57
156
295
348
757
225
318
759
297
649
806
502
389
621
289
469
17
405
135
894
780
795
937
809
53
186
229
502
121
995
266
383
57
72
282
871
272
753
1
819
692
147
615
497
774
802
628
6
779
305
482
423
36
97
754
311
895
535
888
154
354
948
202
790
896
939
21
984
189
837
712
655
200
943
624
631
519
947
444
160
282
855
346
485
903
16
2
358
955
253
995
900
723
176
77
146
174
859
406
547
761
788
585
192
767
265
500
905
27
664
379
520
886
977
557
435
821
315
775
177
699
204
968
832
580
794
512
523
917
541
128
437
731
104
617
797
894
282
748
108
764
259
964
830
921
31
802
424
503
587
297
634
968
432
612
823
275
19
53
645
272
499
845
185
692
199
605
933
527
974
533
551
104
499
553
709
234
857
855
475
604
731
286
441
828
818
862
164
171
903
374
157
246
801
191
327
199
319
262
553
278
956
625
334
307
115
772
939
812
620
829
621
393
57
495
616
70
153
885
798
502
35
987
254
299
91
212
962
928
803
347
794
163
954
682
636
835
823
200
48
977
601
516
557
3
849
324
632
366
214
72
584
709
511
993
800
564
439
875
105
519
596
894
156
660
812
40
719
241
874
838
248
996
657
990
519
27
541
762
845
801
299
907
556
434
726
442
568
697
125
475
269
477
214
969
234
535
892
732
736
471
840
637
202
50
148
555
95
409
583
223
323
461
538
430
53
263
915
367
893
270
89
142
298
154
373
51
457
11
26
112
727
470
725
155
484
884
230
588
414
775
339
202
418
840
648
73
865
358
612
176
86
209
214
105
456
303
131
252
684
106
459
904
672
264
788
967
202
321
91
371
731
608
226
753
538
983
99
965
453
569
88
403
791
156
863
94
578
497
377
235
917
449
911
871
222
23
519
612
398
742
455
916
434
581
6
134
482
275
363
950
802
162
964
918
677
110
887
917
65
995
122
140
616
554
507
346
61
480
128
452
888
762
917
804
640
476
514
435
398
809
49
374
25
120
311
524
470
691
344
839
176
748
604
189
719
290
526
27
91
566
597
973
348
851
379
542
869
544
692
582
917
72
344
803
94
897
602
388
609
137
593
662
274
812
318
105
496
727
608
941
238
128
685
258
802
798
158
627
28
730
590
240
792
316
908
805
255
840
969
302
478
959
989
719
692
457
485
969
50
399
257
757
836
216
78
406
505
729
995
133
574
721
109
873
753
802
278
84
572
300
428
980
620
11
380
178
68
301
652
384
955
612
432
989
471
762
475
917
359
50
404
103
807
258
504
228
184
718
48
376
388
431
296
891
425
180
560
322
624
52
85
261
750
330
329
609
248
905
391
380
861
360
881
471
236
112
934
141
164
600
908
859
65
487
556
413
716
802
632
67
320
77
961
517
27
734
99
975
963
221
940
698
596
509
253
108
281
33
89
265
184
158
547
266
876
336
994
215
67
81
736
50
571
907
552
609
504
559
452
681
956
927
458
43
793
692
705
73
101
653
610
28
768
918
165
633
760
101
33
780
881
720
722
574
335
364
399
870
348
419
455
913
439
47
147
629
149
213
417
63
832
569
658
493
415
980
119
871
569
556
652
339
663
325
52
633
380
324
218
270
555
184
739
87
552
595
520
760
379
898
412
76
649
733
688
259
782
3
713
354
20
101
769
333
698
423
100
843
430
522
171
974
166
744
905
100
470
279
353
530
406
325
708
623
933
431
415
153
171
570
732
530
837
406
909
493
133
450
121
177
896
38
747
432
596
725
692
173
829
780
229
892
841
89
843
740
414
34
848
935
887
931
936
686
950
851
471
865
925
682
773
244
164
226
850
873
635
880
805
529
618
951
709
448
112
193
790
983
88
138
455
370
373
833
771
937
247
892
978
49
233
663
590
59
389
807
125
360
474
442
514
243
400
265
726
328
960
551
589
448
39
576
194
530
270
880
837
748
967
586
908
883
87
556
800
669
363
433
643
923
556
542
597
207
62
876
84
709
833
347
844
114
274
779
537
397
287
748
380
280
434
888
466
516
668
975
835
583
232
137
246
252
434
633
663
265
67
434
21
46
500
59
279
263
42
679
362
929
82
644
201
556
330
142
363
114
564
175
922
869
143
914
293
454
184
304
909
699
918
20
924
273
541
409
743
909
813
596
18
113
75
944
933
919
428
256
812
226
892
303
989
354
458
941
552
932
891
221
47
400
90
78
123
430
746
553
113
608
664
230
210
526
888
227
392
147
479
642
252
176
386
624
729
573
778
321
376
831
651
339
366
304
855
579
110
813
978
13
832
144
166
469
190
919
382
303
558
31
137
863
871
140
96
45
993
86
771
463
369
610
411
964
495
935
578
375
691
996
40
113
40
936
990
160
474
226
53
732
811
815
619
219
459
5
327
441
120
246
500
194
790
164
494
828
716
756
44
651
826
178
131
287
956
836
389
999
442
862
606
457
451
333
751
619
534
207
33
417
740
597
351
278
900
128
356
38
938
848
796
605
94
367
942
699
259
392
604
849
207
439
591
703
119
960
385
261
986
348
839
156
689
600
65
854
385
338
821
332
595
882
657
249
86
821
577
468
549
169
133
258
404
865
926
453
894
497
181
773
325
396
656
852
634
719
470
410
659
65
316
154
274
982
533
170
945
648
854
492
532
470
136
954
304
413
513
382
345
996
879
917
838
291
320
688
445
436
909
935
456
462
22
208
130
85
327
977
393
222
339
517
990
731
556
996
499
339
200
451
84
345
584
694
169
840
178
204
210
431
818
946
661
702
423
220
593
218
677
505
434
457
298
476
69
348
888
690
427
268
727
276
255
912
910
500
970
990
976
720
769
6
738
723
338
9
898
138
570
965
737
507
50
84
177
311
928
468
414
687
426
21
266
377
181
611
521
964
877
587
863
19
996
435
227
416
432
619
227
303
320
488
932
443
486
198
775
777
815
295
41
588
123
386
422
909
853
583
297
488
910
906
819
336
9
281
331
140
711
559
124
402
556
441
65
892
541
692
878
317
102
794
139
463
847
439
327
393
897
522
453
854
566
780
117
287
847
310
19
825
21
101
646
732
315
429
335
761
451
641
255
569
523
917
736
852
438
152
171
393
788
837
158
14
152
57
331
881
786
81
279
672
276
604
116
724
806
509
538
480
899
219
153
299
115
428
16
995
114
844
154
826
158
651
11
487
308
100
436
747
110
454
23
163
704
17
590
977
970
524
622
611
573
958
323
599
44
197
252
314
928
160
25
670
926
834
229
61
902
425
368
780
754
306
805
365
266
300
639
526
756
538
736
375
217
197
446
174
653
474
756
109
810
660
233
856
600
33
590
538
261
448
651
599
551
221
70
869
938
679
838
456
666
100
444
604
358
171
743
925
52
805
408
555
958
243
788
532
280
811
915
91
228
960
496
370
456
924
473
568
955
634
256
308
668
576
64
199
322
189
447
152
138
191
147
106
946
405
586
336
939
31
137
774
697
329
392
247
355
168
105
662
188
106
310
169
229
922
211
871
929
502
165
276
955
163
418
275
855
872
106
646
47
538
578
969
958
392
172
522
927
775
332
104
971
434
420
886
46
814
107
400
701
555
16
709
846
699
497
448
836
968
867
94
766
604
436
420
715
787
356
279
874
305
624
989
530
851
238
111
983
477
342
265
630
35
604
70
464
735
212
293
160
285
687
240
139
950
374
795
716
242
522
569
542
343
682
112
854
381
983
297
720
69
611
45
419
740
55
124
12
855
982
631
897
213
518
89
919
978
216
291
207
233
97
611
475
56
911
214
510
725
829
252
598
763
8
902
65
220
442
627
569
767
231
907
38
288
318
138
858
456
168
775
136
853
932
92
830
815
227
749
867
949
51
646
186
948
95
578
4
680
403
469
874
346
311
705
778
157
23
907
425
291
807
984
187
957
879
845
206
664
913
420
270
441
389
367
399
899
826
693
136
598
973
11
673
439
930
52
688
908
739
497
10
420
399
705
773
56
937
29
487
713
239
331
846
418
403
382
239
148
963
313
506
499
336
933
822
181
736
628
264
195
747
92
257
554
211
730
482
708
805
131
146
346
155
247
645
39
15
87
819
971
57
878
401
301
973
403
488
782
105
386
704
401
413
432
344
481
615
211
190
800
904
430
452
452
456
473
9
539
843
807
981
919
376
700
676
553
321
441
886
87
290
38
997
980
147
409
540
386
732
436
204
688
381
367
697
913
390
300
863
707
615
22
576
974
44
370
93
533
355
367
699
769
67
548
297
96
64
890
210
200
109
428
242
699
882
238
880
41
417
758
176
876
222
524
350
303
135
375
526
78
608
766
714
760
469
959
314
805
715
200
555
903
634
120
961
240
718
740
942
230
60
930
488
479
823
385
687
795
140
320
626
344
440
509
975
484
146
416
647
30
12
186
248
427
2
635
902
843
119
998
52
584
503
540
845
798
751
674
609
669
855
702
982
920
331
6
570
477
429
7
488
968
518
884
401
334
172
126
768
544
992
535
943
906
416
73
212
584
550
130
867
236
437
783
397
390
695
910
370
863
69
172
483
996
920
560
732
160
394
292
78
662
5
834
595
796
264
646
441
101
196
210
939
489
345
396
668
155
941
820
157
724
125
186
40
593
2
397
660
99
97
900
35
78
37
133
995
785
412
717
735
108
977
783
429
191
161
313
54
287
967
124
329
85
261
6
979
538
495
488
852
96
758
804
126
978
759
801
449
810
624
630
504
892
469
575
54
784
512
128
47
274
338
779
787
941
110
392
949
811
129
357
96
267
508
419
741
83
57
582
43
17
73
44
932
405
283
535
531
709
42
784
467
752
541
513
696
96
25
351
219
223
262
792
832
913
99
374
633
924
790
922
575
306
72
10
776
166
72
709
483
495
670
410
384
660
175
11
833
43
60
721
899
61
530
312
332
549
932
580
682
20
453
615
618
585
882
845
34
609
447
842
220
160
258
425
886
904
957
209
221
753
384
266
880
131
214
243
658
673
282
869
416
817
604
889
198
413
260
198
814
825
12
906
240
661
639
258
392
499
873
315
120
131
713
898
941
410
964
592
325
966
653
881
572
419
743
953
56
109
759
873
864
391
674
826
95
79
239
487
991
902
310
207
881
389
634
820
969
87
417
155
507
954
660
921
509
855
440
151
960
518
2
847
110
865
473
697
283
401
925
119
138
724
551
801
590
875
115
192
921
137
657
769
414
249
839
427
543
188
585
437
788
843
443
347
16
650
649
784
855
674
123
678
230
785
942
786
655
671
191
590
252
953
372
812
155
169
180
447
715
141
877
978
802
833
397
27
443
453
131
691
465
198
844
192
921
966
950
679
496
63
836
252
770
788
435
247
94
252
941
845
47
839
649
502
962
162
354
36
645
272
136
22
292
302
168
910
709
341
38
297
156
517
375
662
776
257
560
548
380
460
873
422
35
713
755
203
512
740
135
9
176
400
655
508
978
520
624
788
273
69
860
431
470
212
117
198
400
560
836
81
640
737
714
993
292
362
186
48
16
60
560
579
977
577
589
96
525
599
82
621
958
148
873
237
594
511
9
806
222
828
695
220
256
137
963
652
407
856
817
826
395
717
814
130
510
255
825
460
70
474
436
307
461
257
51
649
77
810
234
952
126
543
9
679
558
712
259
119
183
494
3
320
465
372
79
553
534
911
557
857
621
480
369
691
758
16
595
622
920
481
19
697
400
487
515
320
488
539
556
463
172
351
131
507
289
465
265
107
204
730
734
965
329
694
232
417
517
729
1
91
826
747
426
691
536
130
791
389
903
855
764
754
967
368
318
677
105
17
503
807
117
771
457
72
455
587
897
475
317
251
157
340
317
113
23
557
797
991
740
597
142
819
555
864
909
573
229
952
995
271
856
858
914
342
676
477
964
729
271
921
90
439
581
125
497
366
398
197
641
581
817
24
227
259
28
151
955
592
3
185
227
864
582
729
30
369
978
461
535
703
108
869
998
768
869
256
233
858
61
397
160
727
554
445
456
951
317
707
532
286
446
306
731
810
795
462
461
776
267
60
43
217
261
184
218
349
254
295
237
35
32
671
677
882
565
417
831
821
255
675
571
649
977
450
124
292
62
40
809
650
629
398
280
881
453
584
204
676
756
793
117
671
659
283
760
61
247
210
487
901
12
414
288
682
170
109
140
12
277
954
396
753
256
581
963
817
623
199
974
209
860
818
138
22
588
114
39
291
912
742
587
95
71
444
958
478
799
72
698
834
598
624
11
511
150
942
909
795
511
376
4
335
83
6
869
571
106
674
79
596
916
731
429
861
819
32
401
679
22
38
959
904
718
68
589
579
179
843
406
215
42
432
801
463
826
979
602
929
756
283
713
486
701
502
842
357
829
962
589
247
515
529
725
320
911
796
354
905
641
879
480
236
399
74
158
568
92
700
195
473
429
157
658
927
841
427
342
357
700
588
922
232
478
107
904
951
28
110
156
502
718
517
303
28
982
367
438
414
222
886
658
933
279
464
598
606
694
915
359
258
607
242
413
182
590
576
553
620
436
637
462
997
919
115
893
370
830
519
195
575
820
732
264
893
474
396
612
954
329
809
837
919
502
479
831
68
629
924
436
255
166
730
361
923
996
473
449
618
801
332
241
926
340
539
880
281
646
558
913
527
611
182
492
254
265
341
72
566
621
55
444
390
121
47
938
287
796
550
619
967
659
632
387
196
541
412
780
401
445
702
548
992
727
995
972
199
199
36
188
282
736
509
827
907
849
604
337
499
598
208
448
744
