0.3415182213838093 0.35179831513680426,1.4948002226758468
0.4723011225413607 0.6346472826653128,1.8936213086058071
0.8113059644056223 0.23483078377630484,2.472350374098316
0.8759643325679511 0.6718339802978842,2.4648464749446126
0.7185131706088501 0.5003993233202363,2.1404636916601403
0.4079231242367928 0.5088874741667805,2.31251539939192
0.45603183992735585 0.8595775842127462,1.7981492611728487
0.5616993551371298 0.6681570981851424,2.241650745745093
0.4725960431768399 0.8612454276124676,2.7095290001640846
0.1690160316107634 0.9380067258430941,1.7629248256514902
0.36237442378789786 0.2004081036582347,0.9771232755398995
0.6043644252638527 0.979678356209612,3.0053217748010264
0.8195698168755277 0.4193582040983811,2.356746280676777
0.3480110793692578 0.9770305325745342,2.5114288320383373
0.057500897264758155 0.5397963070002908,1.095727049963917
0.25665593915239926 0.495977947400411,1.1184941507793158
0.9921783925595056 0.7393613774447655,3.125592638484401
0.6621014554269143 0.07747581081701627,2.1719683800954104
0.26773639096598667 0.4466579178966499,1.1324599527248225
0.46491369284637063 0.9849079915279046,1.9754715231166875
0.5423561595235035 0.8072576251428074,2.2504253605387046
0.31325329504649135 0.3289483883073592,1.735211306458261
0.644165045272218 0.754748958513933,2.500379104368462
0.16081112385257257 0.5765181980749664,1.5726964989749166
0.0006557017494720485 0.4449267873387529,0.7456926975262103
0.4838277759209272 0.5928880192331658,2.409716718039156
0.3958434221550893 0.8604352961240781,2.6175872735744177
0.19061744915303702 0.50853082935231,1.3566252545755515
0.4761647184070593 0.1699791868806637,1.9903586704054859
0.9175454796179544 0.69827059729977,2.590853619312864
0.7758436658343106 0.6296766785779616,2.768381066754432
0.9830993549896518 0.6545571751660798,2.8221030049341183
0.054002868805908655 0.8852117086878689,1.9578563654387522
0.1880423559855775 0.05689030618627455,0.8895752562024448
0.3322847338035484 0.5720597926032673,1.6288232582173143
0.33105486417731744 0.5030580686957732,1.1924427723117992
0.664033085329635 0.7508487919345014,2.8061031555461176
0.37007923728646686 0.342477624165614,1.804789712913133
0.08604780309016025 0.003912618508091992,0.2973299454855618
0.7832231661557087 0.8609634789653146,3.1459284643957637
0.5885061222149661 0.5864580066100076,2.0626923008263924
0.057583955960147426 0.49389136629300023,0.7317697179240044
0.3066448546075937 0.578517675127225,1.1947935243064598
0.7756359764848487 0.6797817897258767,2.439420819367731
0.7287068032174135 0.715486460298684,2.8958785627287207
0.04746351818696448 0.2276337359492573,0.6948969825484911
0.9635855471764049 0.6966767449943316,3.463219777246474
0.8547457621862187 0.7745032708772575,3.3803372039915325
0.16920768273533882 0.9373671045797645,1.419836917358923
0.9744462383667446 0.7022438046724612,2.7278960907298764
0.3692601231642837 0.07660093321923678,1.5663001486203043
0.5304623790068433 0.34287937131453883,2.0816051374463824
0.39733303989998925 0.5906204522644131,1.5216258957895272
0.9146051735824451 0.2127466047323343,2.3177751477654507
0.3197175436637706 0.8596587728750114,1.6293914165650736
0.49740539119436766 0.30148278347370217,1.4210322890642786
0.3797058924554002 0.935517661585751,1.9182165743832964
0.4827130884348624 0.163767032469875,2.0086714556985834
0.03438369338308522 0.3188107834773797,1.268482167286467
0.04156133647574445 0.6303833884916615,1.480398324659296
0.8277176318878355 0.8974018695632118,2.573979552951955
0.1452652376462985 0.4438966505215216,1.1262900036867038
0.25459992079452365 0.9358257915264525,2.0392166991378855
0.6427771356783789 0.01815939039577319,1.6903497934203897
0.26926005590284996 0.4758171321437459,1.322904225051066
0.3749636411568046 0.1160111842091961,1.2224090638893563
0.7149829288250106 0.6933136858591189,2.399303504093184
0.2843508870792074 0.8351710564401247,2.019307005511983
0.5009702472187744 0.9306288332054604,2.7482221648574505
0.5278138014588521 0.6204183477015679,1.8429627047084614
0.49473127694477825 0.32396558764018213,1.42746973162766
0.014005832410021402 0.03230902259390722,0.0972749319231695
0.8057956441078611 0.9959478011262719,3.1444250085702743
0.9240684553259696 0.6471639810229782,3.172763887844398
0.4772782619419931 0.6601140437699384,2.1388344275508664
0.8943085977454908 0.14922958810898523,2.664315648359762
0.3258354238202974 0.29967566841138493,1.505236366735446
0.6355369344027862 0.6914362455013278,2.059066776640189
0.9613299743850791 0.9370669534206161,2.955444790995366
0.33055854053628264 0.18703592419404302,0.908495691129832
0.5953668621305176 0.5758983012859977,2.276599372403664
0.6043193685293701 0.30099796752659513,2.454372301187288
0.7357117660693167 0.5315567848665541,2.986461619135418
0.6663186813609311 0.16270334287699373,2.0461330563432387
0.11443123281814505 0.400377720608618,0.7647244152432993
0.11895343891097077 0.600293731448032,1.8237326045703988
0.6079167220902013 0.9162105118679992,2.418266707706553
0.59525882361608 0.5745937049968145,2.638270762401744
0.7406413755592347 0.9632938427082526,2.566048617904281
0.8166423639917201 0.5204702759288966,2.255492993840743
0.7409219605340169 0.3981443700609747,2.545392648164042
0.5573058855548643 0.42634683316497335,1.5786539698150288
0.6475733529197631 0.6954158304280353,2.7879285348213916
0.03578282418574452 0.05433412505649082,0.4155100318172569
0.46956183402284923 0.7547667857348382,2.6838525644874713
0.9321514372021481 0.5557122586131192,2.864883950776311
0.11452283040710032 0.5347525166247346,1.1781816130968894
0.16179782735407267 0.9350794322137559,1.7148951139969282
0.8018936394992491 0.48527255846853534,2.1768721381717966
0.3032218501551487 0.4597435968500706,1.1940081809004672
0.9862190425609123 0.7406654432260427,3.084059348052774
0.3267186760985509 0.0013841722061548323,1.5795775896857018
0.853956863413244 0.22101146795315352,2.4584032667873847
0.9658454191432594 0.4820126563718654,2.7479010036762435
0.23898114344905774 0.4366612942230127,1.0712202522526408
0.8370394823921266 0.5580789485936845,2.88069389663615
0.7737263561406369 0.5865619034850029,2.588738314259225
0.3867246220520749 0.08618043679940945,1.0317979323606905
0.5057944682434935 0.7130052616199453,2.5965651596847694
0.8085350265979289 0.10845530449080676,2.285592441504863
0.29223409135766776 0.5286996378044645,1.766402429899435
0.4948334678311729 0.7443018953032448,1.7719586993086862
0.6930212911702445 0.6067950509292686,2.7435631538503196
0.5498306661537364 0.9478808800579215,2.365367166156624
0.9652843997472987 0.15316697003564017,2.236894431201209
0.15700359561761734 0.16687926206195214,1.3304475568460714
0.7443607315274645 0.995075077767341,2.5984987356426337
0.5767459090329685 0.47224984857954133,2.000889266865157
0.07908505711637992 0.32136707098921014,0.5441295744121675
0.13791248085476537 0.265009257682013,0.7440647683393352
0.9988364538872453 0.7921655718128847,3.572880115608096
0.5834581516877131 0.4606196211861564,2.4015398837146344
0.09471799884740761 0.1928013470055313,0.8509064298931575
0.7165963245571403 0.695709916194373,2.877299139139921
0.6878537452448873 0.27254515436715476,1.9145418688160953
0.6209095735815845 0.23991378603366642,1.8931958870827428
0.4881486514455251 0.7255493753642832,2.2865448184265427
0.7081632993712142 0.17902129884977558,2.006759497582536
0.35282770660812046 0.14968334486061807,1.2852250651098989
0.531782520543903 0.5170632527589942,2.4317706470397513
0.7860008210212758 0.7492948372596857,2.9953134064104048
0.537642947332278 0.9063582090605249,2.7140677496754466
0.3576407446038 0.7732837073115568,2.3256471547315627
0.30690137369718196 0.7880862202975587,1.9445262874539284
0.9795937019893217 0.9842111280477598,3.448584807753286
0.44538802212684303 0.6695199845702748,2.3237610719403192
0.07451196836521712 0.06790079960574569,0.8754344196273338
0.7240987702678814 0.3976515541821083,2.2636099594381003
0.5311755375758842 0.453104623526136,2.333966581932237
0.3247706631021957 0.17801003850636943,1.195001209418574
0.7205965307548593 0.43929653933810875,2.356246093315771
0.4119778820209321 0.27263446943037195,1.120855352164624
0.5937189582730505 0.09075006787081197,1.779961318258096
0.7244208050148051 0.5321411517652892,2.6427796923754943
0.30852966347886646 0.2899840362660735,0.9475580927779721
0.2389282735495456 0.22795636279636466,1.3818459213043264
0.32424266934881985 0.9922505143297057,1.996258674527963
0.9237210804292874 0.24607039425526656,2.6963685718785118
0.5699839987067084 0.2317187169093089,1.454956458058693
0.009868317095454882 0.47583058078248697,1.298200750609365
0.03796808543458152 0.02130136674251626,0.7005316393849325
0.581501765269772 0.21719034662985037,2.153607664590482
0.46150350516599126 0.9669819772338173,1.9197395101425583
0.2164136691726759 0.6337521315152717,1.634658963114942
0.44056940721372106 0.6081870277221055,1.9260018476713139
0.5109246834269802 0.5985921622551017,1.7046853001471205
0.34750389926601655 0.16083908217733212,1.6002437899706103
2.114705021194485e-05 0.7808101434682247,1.4366982824764771
0.1340380322899073 0.7350945495202132,1.009464183443014
0.13121673016451552 0.4950729017942689,1.128675437355563
0.10828402534051529 0.10290917379360331,1.2822486525875452
0.8615639091203102 0.7854814770387902,2.9893007253738038
0.01989934067058019 0.5278700292397044,1.3311977605080372
0.10598675625765819 0.22293073251657536,0.6748251040156826
0.07633239024963945 0.5800745806996758,1.1935219488326072
0.2931300359194553 0.7897565746673633,2.0646362235685207
0.7566450096842015 0.20996934944778134,2.3310517784419202
0.6534507097418126 0.4755950565441498,2.17754480319766
0.45757257050277844 0.6143672058823201,2.0093739208800274
0.2861188184570118 0.22275650073210096,0.8088611054269443
0.07266365261647101 0.43030414146687335,0.6465507741878848
0.6199412673677103 0.06520579678132687,2.0051423825652632
0.5166739236321726 0.11180410860790002,1.5779673561895526
0.9585334477785825 0.904473045441724,3.7286302901319566
0.09764249216883947 0.658655606856609,1.4296372801368045
0.8630083614241985 0.5156380996321598,2.454890293943647
0.5709697375912574 0.6723212392292027,2.1290044541404383
0.4771773748373931 0.8396347208232683,2.4697414655669494
0.7015621155657786 0.7473005778312288,2.6811106280710026
0.36203840108707763 0.7292297594578285,1.8809881811158138
0.056067591680897255 0.3879218767856417,0.9546092261335477
0.6896176903781004 0.4921501020361402,2.602977898269893
0.43303602781019024 0.28611998201883726,2.08167927022752
0.6202338059281185 0.22465520127713168,1.6342891520215215
0.7854342922804779 0.3176277392912008,1.9369371032534803
0.09537695740678931 0.2919802080423666,0.9835211134076828
0.619530372894042 0.8387050327978091,2.129904819967065
0.8774918344269229 0.24580453971539606,2.6305357864515524
0.7935785806055758 0.924898834150233,3.4477322683507774
0.15750303375680585 0.5292078632017239,1.4000158367945073
0.48824260580066536 0.8676288536865338,2.222483798836767
0.8287280455862053 0.2421557526065169,2.4610730442630473
0.6277555421815252 0.5176976062374243,2.3919258347428283
0.691211804780114 0.6427019588254469,2.160624975778536
0.49478069467931474 0.0645851989685492,1.9014097222012356
0.020366843791615685 0.5809068669008051,0.8552954620824069
0.8697397904327531 0.495176950767215,2.5622339089176416
0.06460041533563232 0.005066695117451503,0.6061423414326218
0.35372382436902794 0.4208500102498035,1.4139634507863863
0.21788305955074883 0.5470601448574964,1.0993996950633678
0.003741317064352101 0.12374246985837634,0.9238973864495341
0.4702092441857071 0.8519752517409145,2.5418373939570227
0.9092569001857034 0.713959552754234,2.803755278525394
0.06446064630239823 0.8043596064972207,1.8883518517256044
0.7658504089127941 0.03576640570270517,2.5078002174118357
0.759042234778228 0.9241605914245162,2.6674483663343462
0.1550811106167861 0.5603507187470418,1.724806996259696
0.8702019586285261 0.9459909658492305,3.533709598693889
0.6066687642484794 0.5160798062513066,2.252821829169517
0.555943663806447 0.293187109290566,2.396419873973032
0.12676747287100776 0.15161503092909934,1.0249829573921492
0.6925642358599456 0.2600417961743342,2.1846953959700617
0.544777859810403 0.6020591038414498,2.4596769137309016
0.7952889189889492 0.9093710083952059,2.85237132162392
0.2610087198461498 0.3055124587670792,1.1227919403898172
0.07598877307554064 0.9441774240121796,1.4910359703523564
0.0043225448131348765 0.6955310101396811,1.486958951240501
0.9636916088746931 0.3405246063121652,3.1253995482316514
0.7061712892643668 0.44027272621360025,1.8771116578741194
0.9519420048719164 0.7413346257617636,3.4172862099850523
0.639535533581956 0.8293428548889168,2.3283755702386526
0.7453363274278032 0.7299425106652587,2.5443961872717535
0.6119823763567087 0.2934570237381242,1.8274059752657998
0.03761892671681011 0.6620585695604153,1.6777026837853222
0.5027716983909418 0.14506414727187789,1.861854194297025
0.4148718980767603 0.26527391906681475,1.5216242852388895
0.4842540116234475 0.7088630979909906,1.8654984278306477
0.6998641139504945 0.0018172178235777992,1.7410822185362604
0.5393316920565653 0.3255925839184941,1.8998035786437346
0.9215342761420335 0.45850834036073573,2.634846618651169
0.7986016680333557 0.3025867993530965,2.840216518608699
0.699306014854609 0.6510422736760934,2.2945492910986105
0.41503849496931644 0.37750207488221366,2.0518595082757534
0.9138336519017979 0.2850979251635799,2.7490571080680284
0.12067898898908658 0.8781040183643156,1.9280265565029995
0.05708414931960293 0.9945544937291667,1.3939467645787869
0.8698400807070632 0.22816730546282227,2.0731424863710144
0.2872169272618734 0.6908356831013813,1.8993150669456953
0.7049636721786936 0.4811616142583307,2.1689628969767014
0.1701232311959595 0.8007749543868514,2.005121959641186
0.21845528079062615 0.1381948533580577,0.9412472710654826
0.957003752468257 0.22327485557578564,2.782775456652129
0.06243818106330956 0.7703229895912534,1.0694238472666173
0.09423876156193722 0.8893856201473764,2.0017343443756794
0.24535354635955153 0.03521539531389728,1.0716468078446388
0.7704057550680461 0.014154000106744724,1.8345264601783344
0.2742610705741282 0.9208151575941766,1.9793305314939
0.7432508672502611 0.13059850577917742,2.530536756931665
0.04964404315498694 0.5278233913961791,1.470426708070872
0.861353463787504 0.9469635386028021,3.5053472803379746
0.44976372858517166 0.9193216139915589,2.4170862142140623
0.830055281755441 0.6088160854411165,3.0372551542544386
0.41507801116676935 0.8863639498593261,2.7155740832105244
0.09706358902069356 0.13586804036982092,0.933814853008399
0.8146632984575818 0.4491035118886949,2.6657027844876118
0.48930043214164265 0.12410686099476975,1.3688016407967503
0.004700347779173164 0.8391005056824694,1.0325983700465833
0.15271111027768713 0.2951163695024577,0.9391174924683527
0.1726413825437333 0.7830347136784173,1.7403381750182065
0.42494513933593603 0.8608020362849196,2.4506149773073598
0.34223029409424865 0.9749823364963356,1.877729755961988
0.7398210937878575 0.1645798005633453,1.975885359258751
0.32903830056601124 0.45792341258956515,1.2221864019910873
0.9361196004855817 0.756138645689964,3.4310197718784394
0.9856704585176395 0.8971661297164883,3.8056634396700266
0.5521356016011584 0.35193189823893567,1.6594271673991867
0.3476360045769811 0.6711863812778387,1.857441444759076
0.4631509605123534 0.6815433581561067,1.9397495619413057
0.6847000458595887 0.377375360510968,2.0603155826295794
0.5582853047951525 0.7560001367262862,1.9103915786773558
0.44317439490982324 0.18884610960012604,1.2213947169170305
0.29317778018623186 0.3668048866053427,1.7133086299929468
0.9570735318601358 0.5681595808919643,2.8919226680246797
0.4758746524831696 0.37218404469698196,2.07886211195743
0.02867218730184118 0.4713600144202267,1.1242408951207556
0.310584767728593 0.5074157164719288,1.1804275408216198
0.23534252555692714 0.041199746382295066,1.063900593233678
0.8515395352331182 0.18826147766549028,2.2501100751370475
0.24362471785173234 0.49575161977460824,1.9096552924562316
0.21662736130112537 0.6537614504149698,1.6483816305139392
0.6199036174107144 0.6724110651246088,1.9632782248020546
0.32358180048104335 0.5015459255943289,1.776759607510125
0.6523009422099378 0.4630144109555365,2.6431974947910413
0.8914042466591927 0.03501982748100896,2.397258515224208
0.6912917896939597 0.1152358803703799,1.7962057027882015
0.09564035346618349 0.2693294698288363,1.0650008381316725
0.8766310722554839 0.9937199935054325,3.096935617152909
0.7361643090648166 0.933097138400864,2.4723854191072467
0.854237927122416 0.010224664393786775,1.7871489052748766
0.5498322604514184 0.9230869358482768,2.735327646555599
0.025624531942746054 0.3723114943855358,1.1248972042970853
0.703638280520456 0.40165075769917225,2.0743242353182434
0.8536155130836386 0.7356599109410741,2.7536589495082486
0.3247826371138012 0.34997293705935417,1.9189142485512292
0.9779883768765893 0.3824388902246897,3.0089604382050843
0.8117014849075823 0.24600289211580684,2.14090257687816
0.8067513006066467 0.8120795960414078,3.419728538801205
0.5113206127701249 0.8227594595203332,2.656733168564535
0.1937486380808512 0.9830248589559398,2.0237530283159093
0.3327980050261323 0.5925896394590753,1.6149224966981248
0.07158735315849474 0.034739523708052,1.0861091720847444
0.216888649525792 0.9794662391386564,1.511129945424498
0.1572595263381148 0.6730180256206444,1.8461200113240694
0.22804787921249892 0.11106513521819328,1.3930083769841968
0.029684270710333638 0.6695408026169375,0.7762678209894132
0.3876883705856011 0.5340527457173169,1.4517239156217558
0.3488636248487703 0.7084180408304933,2.247957643299106
0.9569676783477372 0.6400635594058426,2.583704704107527
0.41369059526348706 0.8703601386439607,2.2356203225638254
0.35425974857114506 0.06731063852812369,1.591162146604438
0.7994032457051583 0.5569478955090119,3.0034420710995855
0.7300658225821396 0.055718254730348304,2.3313250648517956
0.9501962572921547 0.23599893741398736,2.226190238440823
0.7699475268395047 0.1595795524914858,2.159240388559623
0.04123487284429628 0.06383998999247587,0.2358059363163083
0.8499170312574784 0.8502181612218492,3.4334165769134968
0.866308658377253 0.12481628255715793,2.0579271528757355
0.003745872873448186 0.7605077280145688,1.7590919923905606
0.5119790404344963 0.7306570487124949,2.2030227380104024
0.298452089976153 0.6622951299234011,1.9339874697687427
0.4982263584171801 0.3292175094464711,2.212219404336227
0.23569508816181317 0.33374694600792354,1.4444457376055375
0.3836495615402029 0.5499215358726403,2.097585134928981
0.08493511222500405 0.5016518355038471,1.0742956275474898
0.2046670837935317 0.24847411204839853,0.8128828745737099
0.5774066477452144 0.36333300791637035,2.001366996499202
0.9497249321352276 0.8381618063842428,3.563865295328268
0.4353081552159561 0.23131798964031347,1.4510237705094404
0.5918383139297967 0.6889616207710478,2.273549397103473
0.22667207812154822 0.42026539739405955,1.4375941017968388
0.19630756953757544 0.2744984636392498,1.143140243113154
0.006086414929538098 0.8495896963796608,1.4754668154859454
0.8365962624195702 0.8831278788322949,3.127457670117279
0.13538863531428613 0.856572452115181,1.5778726070950533
0.4123063815230964 0.9819578587198113,2.4996175117521235
0.8110977777117088 0.6509560288842058,2.4150136283475474
0.07994397981757961 0.3589243870917349,1.338591562809925
0.717762758897635 0.9543390754422393,2.8986175055834154
0.614192529759759 0.6575464134431347,2.595849220601255
0.1915235198668156 0.27633075732150525,0.9634028756448686
0.5777972338563894 0.22045278381028255,1.6137328603159151
0.6344081532359768 0.8573230748920482,2.6789606452533716
0.9534950432294548 0.34334437340577106,2.7228439959571986
0.9992501241564737 0.5009043826817493,3.460285098317575
0.031056985413818072 0.6547708356186523,1.2849338616103554
0.30965545955124874 0.1067761319220022,0.7308972521366772
0.4152920313621379 0.05201563716859725,1.4659168666036462
0.7608261390283586 0.14735360476274006,1.831156750195007
0.6304169712139828 0.8726688970776527,3.050716728848729
0.5371974389328964 0.8123944817744068,1.9056336803003675
0.5705859902611551 0.3123358692641439,2.208401511801419
0.17122367093168667 0.2458714060797902,0.896364452457227
0.10517599348401685 0.5531956171799907,1.6889510533852614
0.7027514082399863 0.0037250282662135703,1.5606346073528012
0.325307207590275 0.967359036386921,1.9674913927101496
0.33222766036614126 0.846454986733567,2.2161301248554826
0.22109589797443507 0.08741901607955238,0.5658193245051217
0.11788558329403331 0.07031332632927645,1.04015028121211
0.31311890954845845 0.7924350804582226,1.8073135283577497
0.93834818974118 0.9403542749733947,3.6161477788809435
0.4433841525205102 0.7669383152586171,1.664438331775215
0.3364289341393155 0.011854097901107252,1.309427849910523
0.6779321026890066 0.8121268391757047,2.439559969264616
0.44491730458665424 0.5215153982479612,2.2035337982344476
0.9730163917362615 0.49095083966581565,2.6835798184553807
0.1143464538924237 0.24384589026243342,1.1256872226294345
0.8680249601767928 0.8273814298288544,3.440811469287115
0.8656720887976226 0.4937005340870153,2.436352756299283
0.5531456108968605 0.37430142374145003,2.0114883025371704
0.9110893124329683 0.567219242410586,3.1851087545051056
0.9994162285831992 0.7074461887925998,2.8580522711984186
0.8431791602409793 0.20097105129870962,2.4522476406385723
0.9062936062001703 0.6775876838588915,2.911514262343141
0.4941124991701328 0.8566435153376971,2.2247175472712346
0.5049809057209006 0.678797637397268,2.5436258797911835
0.29878199020136476 0.9485716370209282,1.7877252848108638
0.2217508045462916 0.2906151803623036,0.8947050840904612
0.75874578844963 0.5073090295780761,2.4680067708267863
0.9621220722799724 0.9416714010839636,3.5964562936783464
0.21776236260380066 0.6477831278106756,1.2670287015304011
0.7113469625926654 0.30095350872383375,1.7679971225102649
0.8308729385187349 0.4351195785076505,2.292093829929648
0.20183884923271977 0.3936442249369414,1.7075819942857136
0.7457287691053108 0.9241149057213398,3.3640909848392946
0.4335764978378225 0.657534168816677,1.956343603310082
0.5726048881713812 0.7499962188222618,2.638127490337131
0.8693156040798458 0.9063266717022644,2.782569396602919
0.11667937431800424 0.6965413521171476,1.1710570548395887
0.017777649589087896 0.8485183744771492,1.1351649400235022
0.5038447647461614 0.17368451602719637,1.186425386675225
0.9122159045408225 0.9087051222121588,3.1176531466000226
0.8130142204434004 0.8392595957603459,3.323769450845092
0.04535119018742151 0.9292107419172885,1.3667583492349165
0.10158712100229783 0.163454598227728,0.5661081438725335
0.9321721422043918 0.4044482717826521,3.1619036396093185
0.11993552903121485 0.6587331893304803,1.1473481959227052
0.6235837096319227 0.01528729976695875,2.238676635717462
0.4534101079746453 0.7264322003261052,1.8012107197500042
0.1095486512098941 0.36430327443772714,1.5377860847616698
0.51757782915012 0.6546008074964333,2.4400507469830415
0.4763606380530335 0.9987039988588511,2.6043936307632056
0.07152122611962275 0.7339841609197741,1.866339239937416
0.917196421976413 0.8302156334663322,3.019534707362851
0.37199662765305563 0.3886226760649134,2.09510838502165
0.051678573517140114 0.5187554005407935,0.7901629091110863
0.3381054765891075 0.2517528042244983,1.7029568763903693
0.30531124053877345 0.2759848608317633,1.1446895569081472
0.9154620987829956 0.23711349918214986,2.4618034074102515
0.8630334600291691 0.10463065564255059,2.361738358243184
0.18124615565775049 0.31702429523656006,0.925571469352076
0.8074996185503779 0.37480685111492307,2.7454219798859283
0.6053424352188913 0.3114418575272524,1.6341802035790605
0.3915613519697928 0.17430266184482934,1.2607435957086115
0.770297637408184 0.46637224193390847,2.926922169571078
0.08900211293169424 0.6468221661868914,1.0408657193555875
0.9832288102253317 0.6968780326792943,2.749319563122445
0.6482600111966701 0.012249342259695095,1.9344636945980056
0.7095272170802019 0.47632554570552343,2.7377283895950963
0.512588748148664 0.7943769399794397,2.6217805642109364
0.3915698018428585 0.14583467498398872,1.7381684495334213
0.5039051821764977 0.08465566089098853,1.8348349755722038
0.20490377146887206 0.5018551459008627,1.2035109638674204
0.1585305868496495 0.29990983504728963,1.3463880817837224
0.037864687531855235 0.41935104458229844,1.4817415979912054
0.5255080207863082 0.972252576644516,2.7753639999997572
0.8749528838317165 0.8891435089468073,2.8782032412124656
0.597276874679191 0.2751199140082702,1.9634024621013433
0.3245038168098253 0.0019618842249131685,0.7744352829818251
0.16934572786930502 0.4349255456357004,1.4796311597422096
0.23533452869029237 0.525927902535485,1.7081000047966302
0.365994640715939 0.7506788058093647,2.421361711695126
0.29590731002789117 0.3259373590993192,1.0820815413433624
0.6962144489570348 0.713044872585701,2.8542960913670985
0.355308376818841 0.6076958856480001,1.5970352867594562
0.677903622243731 0.9586353170545505,2.561915980353834
0.6153087582810778 0.4591476589934491,1.7612665124436293
0.09485131791814227 0.8073799242182266,1.6681446524070456
0.2650753164305881 0.665209739256017,1.9812290393149414
0.6518288113256117 0.8215533122492299,2.356288341936478
0.7621713212137398 0.8345110371281527,2.4585203274788245
0.009485090813252994 0.7984652464981669,1.2372134009228901
0.11138372327192492 0.6274791857450168,1.0907508429645838
0.645974703674412 0.04494268588665007,1.5879800241733502
0.9124341013983269 0.8741911102975141,3.655340612569343
0.44224481631936496 0.4106268833240244,1.9596355047787264
0.5946921270402183 0.15614143041716222,2.0300985140619923
0.5085126669765498 0.20639959644806682,2.093966370848361
0.5208284859585993 0.06881545855398208,1.1165311573565635
0.15370379531523548 0.8120015402543439,1.4886325670767981
0.9964905416961274 0.20916385657661185,2.3015667247479805
0.9184995087910416 0.23008499189107146,2.486818100841292
0.6830467788405062 0.1410939320315273,1.7312953333941397
0.8652744166649009 0.05206563310815493,2.4225678059397557
0.09429257553881765 0.6799290619418058,1.5053627921653376
0.32250088491106355 0.23243693527112863,1.0333293307570406
0.2555979839381576 0.6372355483828166,1.6691916998238825
0.5297193997703287 0.7846151478988731,1.995345792574548
0.43199912455155864 0.40179557169642544,1.6156402480038463
0.6522616780524295 0.4245141890431321,2.6388766707264857
0.7071076068155073 0.8143316019684161,3.040609898334899
0.6414157742234023 0.38878345850951135,1.9109651359581092
0.711198136531718 0.2831153897783524,2.2684015824508776
0.9547929538923411 0.28877949268817726,3.0515977292118053
0.0871721975098898 0.25548294666420357,1.1108343946777004
0.21498412165858372 0.247779782978498,0.9551351023982997
0.23562558045237558 0.4463921356513102,1.4723072578061733
0.6723751499936617 0.0845514790322407,2.0231507649432565
0.5902569046221843 0.4750131224041556,2.328189177634149
0.3164809551404223 0.5841751749361809,1.8174987654756158
0.21663412997623843 0.6041414905852812,1.1076512796530325
0.19850430576927824 0.4465266270612296,0.923872112322254
0.6226032098734486 0.0794997508431956,2.2420000508760607
0.6729701701571055 0.32624134474927735,1.6867328226453937
0.9183539010169024 0.5736446639297722,3.304711147153494
0.14845417600008937 0.5156841273641667,1.2540987614563923
0.8185274136415828 0.8376766132802322,2.9670056282875645
0.14866049926286717 0.7521548154104285,1.1349263258821034
0.029275376768020056 0.14489773954659646,0.702810941392379
0.05784431315582261 0.050853685160738515,0.3200080902989131
0.8580475594944788 0.8622001405903312,3.4513542064407754
0.0041142892041503565 0.7121356177136261,1.0744131124527159
0.26058229369496133 0.8208295423807647,2.29409308356263
0.8747027573577361 0.8669367445521751,2.7787955686025945
0.2701537019604128 0.37349903139347995,1.5608137406511138
0.4417809949323246 0.791648008902187,2.5929020666654354
0.393844129217215 0.25949080804625557,1.1954211848264507
0.3073309331835796 0.07773468629801972,0.882779680604781
0.7040010434714655 0.7595868811457149,2.7883391773671518
0.4436455396705701 0.9456090964327828,1.965119017644742
0.7454265682782711 0.9125801411834792,2.882976839964793
0.9906190914855717 0.6118348656548845,3.1807614890164033
0.8775292760132819 0.25020122175429527,2.7971729898784403
0.3160828524407474 0.18500117475873856,1.545635252778871
0.01875112461378603 0.7736113793928677,1.1412189500775096
0.03241288428078237 0.9511917295649648,1.1935265500105487
0.3490675585647105 0.7636152797799977,1.7935846155544652
0.640718036080968 0.5805334033563164,2.1205973592476184
0.7057473488608222 0.7477950241332738,3.1372881883594075
0.395764142015973 0.5224024396386855,1.3565475009154686
0.8846132178152509 0.7951815101739691,2.6910472238831646
0.01279446556231012 0.9808010568683705,1.6835979788041566
0.29297513075695303 0.3551482056568712,1.8342712049673964
0.5595829923357308 0.41439704990585136,2.011713307307983
0.3171810929595753 0.8160536245476814,1.9410459244853917
0.4424373641635365 0.14464856300921758,1.3065405777631205
0.24461905386799887 0.45753860417832215,1.0945182142064742
0.5893305972867826 0.6089129571836743,2.49975824890092
0.21467219565633378 0.20424372248075306,1.375896278863944
0.7210262542417999 0.3855084353970002,2.4277617528777333
0.5726881767062618 0.4384048480861005,2.5826069308472377
0.6307939072622808 0.16191090184722756,1.5485355896861626
0.9881542641847193 0.9434545321400926,3.4441356902648534
0.3028199480997965 0.24383109611250653,0.9651867096470651
0.41603072976588007 0.13340798146703614,1.4549504886779339
0.3282180372213517 0.7423147877005117,1.5850782799660648
0.975137394767156 0.14881112809826058,2.660274124496778
0.4450819375716505 0.6049419832432404,2.0018342741290533
0.9120738917511027 0.47929141890466764,2.72447214493452
0.7182603472636692 0.22015866850804922,1.6603726609090228
0.6765022357358284 0.10181601452881461,1.8938446145396068
0.18230476910045423 0.9580458563817047,1.6026587584903036
0.005438342436891341 0.9272147721222205,1.7136871582778594
0.8793419472155206 0.5443205653200162,3.204140235520886
0.755637549239452 0.7212696395225395,2.5319134830414933
0.36179876798517363 0.010442205194003407,0.7749708060041042
0.19438041643135662 0.833883078037352,1.7589118247262865
0.9247690849904919 0.015603626907236379,2.6972295162471145
0.016654927049094104 0.5514969362934216,1.1428319811130512
0.3794988549675211 0.07134196887705957,1.259300972405982
0.593690334585236 0.69080281425917,2.0526718690755246
0.6419850178718494 0.03454615335806788,2.123458704445371
0.7560279358666829 0.29908947073495007,2.1019665417865623
0.0038011690408883414 0.5884601396593377,1.4218789693716412
0.13113964126393574 0.8562730494486346,2.032033067095767
0.6273684339546634 0.5091420756329172,2.0546044096167053
0.8893276436153468 0.21226166500637778,2.417869626062685
0.9121444199325687 0.7535120923369875,3.2603694023556065
0.5922030241055803 0.9152644481282809,3.091584808748682
0.735404081186914 0.9109465081443798,2.8720557564672173
0.16886731863887205 0.7696463176288733,1.3754571382866525
0.8384923786635187 0.8621936099079632,3.0256330655980492
0.6909242321989961 0.042595687108550884,2.32594781335668
0.3138560539527392 0.6505477470743547,1.5118702828654285
0.979985268719534 0.9951343212963634,3.4524723152001693
0.8134783697062685 0.6261675059004959,2.8633728013170674
0.7396303660913456 0.9123427597274841,2.643961012256564
0.11643088386582445 0.7914581953902576,1.5957785912035058
0.2885851954138432 0.13823403840983006,1.3421811139065474
0.718773974082389 0.3966402905408225,1.8512399223737575
0.5499157478630218 0.42973209352670694,1.728616087692448
0.014342635981463459 0.1365939904579384,0.22537312435201717
0.39485687968233907 0.8849578079283201,2.270762298471801
0.9958064000824 0.0849866403695625,2.815075417616991
0.43167423354138634 0.9812711125864336,2.371149011669579
0.11540233052136639 0.5109818948378257,1.1775637937812453
0.4510370152234605 0.08567550832378934,1.3495834520744854
0.613221597122465 0.9765543724237817,3.0146474684517655
0.01615583371209761 0.4741253345478774,1.3892285496525678
0.7170424217687266 0.8684540581542595,2.883081598434707
0.953541273603019 0.14310434239626058,2.620874694095412
0.9535288174519518 0.3966392113260039,2.46220133744087
0.7550011616813355 0.6475709996555957,2.4687294989021855
0.18264576081415473 0.5410279024995994,1.7166193986699498
0.2780908604765767 0.1328821568207933,1.420899476886003
0.3968179711761004 0.1467428473296437,1.7642907506562358
0.9744737422037022 0.4591403942330218,2.515501913976337
0.16622696042968743 0.36766407791919553,0.75727425431742
0.10074438194746804 0.3704267349071134,1.3665860186475656
0.4001452512438036 0.10878496335232435,1.9036380849893166
0.8001215684390737 0.14994231421037674,2.6143309258750476
0.5035118463182977 0.9955175473009401,2.1298931081825083
0.09448067065614929 0.43377624323657005,1.0466359855404015
0.35300994515915574 0.774080339115497,2.3989257704393894
0.9837460604366353 0.113922480396221,2.480777919443071
0.16017939493502487 0.5510786027088433,1.1185812867461267
0.27086923550459097 0.36738034052430923,1.313557336964358
0.823845232525074 0.5354410925034724,2.2151470395884063
0.2567120909165569 0.5368780202871544,1.1689403175006121
0.4249220218755876 0.17428081276532115,1.1321303801078346
0.23752802036386766 0.4257156463583609,1.5161374762655115
0.9889387117707782 0.46933358365768274,3.0339190405269276
0.279533482527379 0.12204367903751323,1.0848531585705428
0.006418472810205911 0.06527159508250902,0.1523072813735552
0.12982808320464279 0.8066192203614909,1.501981705385881
0.8875339395807107 0.5235575021361997,2.339854870920485
0.24631627761906572 0.7541946277416726,1.6272703021586237
0.449642154345136 0.3176859630250174,1.2374673865926544
0.23704621407935567 0.3073789180599522,1.3742610029491589
0.7349931042251601 0.8258526951281694,2.359748912877169
0.4526366942054857 0.38591577124730525,1.7038781297601715
0.873012432651854 0.7202666803014718,2.467354388023718
0.7498154110637516 0.3937639075755349,2.6039450818596084
0.837729515278636 0.7416029598672744,2.9832147699863754
0.94508375014466 0.24550725735081846,2.703484062049832
0.7649151413501004 0.21590804046195,2.11351116255433
0.7016339474607063 0.240736886203604,2.0378474721733295
0.08126692269905755 0.6869442386299929,1.6409051031206785
0.6307909991466032 0.6086754241104084,2.2009858632919808
0.41669557410066616 0.3021983579630617,1.469504424417961
0.11351995652568836 0.9558604351924245,1.8846365969137733
0.18473765467770842 0.7459220261729407,1.7448475053121406
0.5825350532381164 0.2686152642316776,1.5368075711206068
0.09513798838399268 0.6316046931432865,1.2731317642179096
0.3041037487287155 0.5464287628604924,1.7502539660179184
0.5763303302033222 0.401654582485956,1.691751160443707
0.2623258499576173 0.38871089206669807,1.3013793432474885
0.6289802734146804 0.10205300869169776,1.7124054314919155
0.9346538089469786 0.8223451858368057,3.2949715079992123
0.037231441270852206 0.598840251478584,1.4640655302573191
0.3246737548089039 0.3437703493398928,1.3218809303147778
0.6098846794868463 0.20456171484314167,1.4769321119272927
0.3336364215901142 0.30171541434320903,1.7407725786464086
0.38644149085338886 0.1371721397811776,1.7552928644177004
0.31380473393483876 0.4771593738030141,1.7954656405511062
0.8494131911358038 0.5243123427513858,2.3834027158640514
0.16221181458194844 0.1424153862905102,1.1312922139138055
0.37237739174506845 0.8453664168481441,2.183309697323352
0.8516023996706985 0.6631684415127879,2.9255908384989793
0.6397607588054282 0.28960236808243534,1.8897494882983865
0.40610630749996757 0.38823807863905246,2.028957271239065
0.40622678568296755 0.3674407791207722,1.328347976347716
0.259439543116592 0.9963900235779798,2.083085269331285
0.060286022237353354 0.9378909576976502,1.2818942846483778
0.29554180961814625 0.955408260278016,2.0656463320167666
0.7730626802729912 0.8297291988461437,2.7443397160285627
0.7790316211692508 0.02175559684416295,2.4184232518335786
0.703575003105255 0.6139162685189031,2.958577922522838
0.16163176359715858 0.9872161183868889,1.353016492709771
0.37479907564679726 0.6417638730377835,1.518063659689811
0.2549146880498582 0.9743816040521651,2.2617170994147315
0.03200054842208977 0.13929782641938404,0.5077129009542414
0.8018990746049738 0.5360781537235286,2.3815185219228003
0.7492072197398296 0.7631122526594465,2.5006190961682915
0.4696158142575171 0.14524484489216516,1.5713409312856328
0.3743960861003707 0.71211241305322,2.261211557393784
0.2856293079956832 0.7221985281131346,1.5596861823504726
0.793580012820348 0.986452570045176,2.775071098722359
0.7888857889640233 0.7701009403044229,2.603100612646518
0.12454797630223147 0.47394424943573343,0.7359998941084961
0.1673308878484614 0.9919197942653332,1.336417038360558
0.26181673102956826 0.8574805289438202,2.3279911683582135
0.28895588552735774 0.7396167013210818,1.8863819535675899
0.3997711430114448 0.34550953649056315,1.3577225381763198
0.49044655044679875 0.45405227748903154,1.8242570787820942
0.6765975493838311 0.2136991982843779,2.5564838554051796
0.7398334867672958 0.8981681311975509,3.1559520873222464
0.5970075754005552 0.2956787787984998,2.2213022842748518
0.9476380076337138 0.6498695107699479,2.798234103717363
0.2903182923145132 0.9982109955619995,2.346612084565633
0.38334058695228257 0.9202804028710817,2.6837919305969513
0.859820481534569 0.5082160213574856,2.900167538769612
0.16077119123627226 0.8827823745159724,1.9082265175026052
0.5116431745495144 0.5666885374325353,1.673445245311802
0.24877190217861567 0.7427510296469292,1.8914736571547643
0.9072519150686369 0.15380606157791732,2.247911303850719
0.08714802227156693 0.7576230805816904,1.0776365809704802
0.9878428248608305 0.8855997741728018,3.2861712717598164
0.5381561301815356 0.7867426949715002,2.818952441050808
0.7578885057388091 0.48574141943435034,2.725076263188135
0.5837957060466947 0.787475884678221,2.7182333023580014
0.7322937160087781 0.7898915121708207,3.251172736000888
0.06497384519023242 0.32020753328810536,0.5158552193371538
0.9999585878092129 0.7726512970190976,3.3829246229797425
0.8696577408575595 0.40097921283703086,2.5976540875982255
0.45124501925800375 0.4604605066240044,2.0283029752766693
0.6627627033585829 0.060657830747671726,2.080352516073062
0.1611241611363674 0.6287742650447772,1.0024455460456514
0.5693671542042636 0.37655413422270345,1.8203482585374142
0.6139518510037986 0.9165062227465233,2.577022017225553
0.3470350047531975 0.8983617138753704,2.4857191223633768
0.8547908282939577 0.13459779325225196,2.3325424700167074
0.5539219142665174 0.9053978789351287,2.955393637575811
0.13456681764177236 0.7478157692187258,1.1990104139928364
0.26558538446634017 0.6639698347016614,1.251670300593534
0.9240973237097484 0.7306484165508504,3.102083700560266
0.8744332354484227 0.9062097895073339,3.1584436033787435
0.7726381684952185 0.2981342562798912,2.0179283216435993
0.12153841466179305 0.6695749729623953,1.6816645099275687
0.3100364898900546 0.5655162363570377,1.4665844124247185
0.2901365163071292 0.23599868647096967,1.3529517184042736
0.3463964981173059 0.5574380768689113,2.191109688145458
0.8094807144743137 0.7827010315217258,3.081061915134221
0.9727739330974725 0.826641482405438,3.754335615310838
0.436367020199404 0.8265406847756843,2.3381816358136334
0.1302632196179272 0.49472166800051753,1.2594444858557425
0.9339734381205684 0.42015842369408385,3.0258983342238785
0.15221555576413615 0.2838318324835125,1.1714859786333607
0.2303803322007012 0.8624460776148283,1.7517718004912899
0.02121898539412803 0.29703622314916145,1.219712152177122
0.37180304439988354 0.018684760550253254,1.34446779820615
0.014511644498335308 0.729946492287156,1.5855064885246999
0.31928094196102697 0.695745244240884,1.9645388355757905
0.9194436154167293 0.16141349438615138,2.361930671813722
0.6535914269024823 0.17668342410715432,1.5365877632133798
0.7635858056586037 0.180605890367464,1.9758489820904512
0.7520355412817148 0.05080686718492167,2.144855055938832
0.7010597251671221 0.20688002084375234,1.8489812191539088
0.9032719528533184 0.5965596758938442,2.7042722101832717
0.18268483913932354 0.5971303917500461,1.4114185411665583
0.7261527584479596 0.2840998284799764,2.0124705921617543
0.2443619318890503 0.3366848380278449,0.9650848221657717
0.40374019720141363 0.19844503671476788,1.8506581150104588
0.7014140125528627 0.9913609608051578,2.816745105871114
0.06849821042799875 0.3072156698639533,0.7789873151916912
0.42214789039219014 0.6151182261385638,2.0782619149703714
0.7906462560626312 0.38848909458081593,2.7241629917135315
0.09187351639505648 0.9743581256555426,1.3816830993495997
0.5980207763501457 0.6860987399338315,2.4759906021843228
0.03889955884068519 0.05479833438377979,1.1005159966170535
0.947995192522115 0.05468082565841981,2.388126074064707
0.5031930469355721 0.46484922755933933,1.8121687666485933
0.3886654951912202 0.26054364230753313,2.020585975583552
0.043815186947189 0.1076185181667847,1.067527935978521
0.7040992301083003 0.4615130183951436,2.8256367857764206
0.3567280198452665 0.7179040414257419,2.1083082277555283
0.7740536799840785 0.25675452144522637,2.4695549545706443
0.20178763937184974 0.02948151553213685,1.1352067519991635
0.45700765262864673 0.5702428641198273,2.3207888604228426
0.7842799347802225 0.342907709221022,2.537527431558712
0.7736777033445227 0.04519847221012785,2.393782080022674
0.8312445588294328 0.9415225914161225,2.8318364494683594
0.19657854020483123 0.35778680990241973,1.3114439650605045
0.1430325212355803 0.31253503728551446,1.3520792033717026
0.20755205361596074 0.673253303416637,1.9866195738291148
0.08488657533527177 0.2769491311355471,0.9923479013706996
0.8632939205228524 0.5533095515672057,2.6000415540783823
0.0016490768878193451 0.5254899320962997,0.9757486072929792
0.8431201355084799 0.4877688479148916,2.839428881761773
0.8345602296197474 0.37473073055488304,2.6341247538615424
0.9758454115545725 0.03429861767855458,2.237556946060695
0.20890672334136717 0.49008195601243587,1.444999135598089
0.2855679396150814 0.9497426638692238,1.9196536237767754
0.6946814761889069 0.5144711013155766,2.2257564575068916
0.7074004993585151 0.5100713281722952,2.687531353254974
0.4429420962544405 0.2798465937306148,1.5281851027010092
0.643672649610399 0.884749781675211,3.1247032227206497
0.04966625912124134 0.43453848232077597,1.1431591580787572
0.6549480342661408 0.28996901840400036,2.502033417544756
0.9877079483113026 0.7285487411836745,3.6763486873193414
0.7426707253060029 0.12925485629832412,2.230134795492784
0.9334418166463265 0.5920256218912432,3.263048022998341
0.8745889858553083 0.36021108747837327,2.6510967604063573
0.6947599670259159 0.03191730541586235,1.8207412447893032
0.07803275711859858 0.7812644536088824,1.26657001199747
0.17202170066335443 0.7152250042624991,1.9646873451645832
0.7333788879081161 0.9971339945164059,2.812175790400395
0.4560583020132539 0.19532405684205845,1.3213961623525403
0.2726817065637469 0.7103801264730469,1.390817549955727
0.7323261683176477 0.3422094720656753,2.712181434356912
0.6068040244837828 0.1075333111208292,1.7585868766342843
0.3940719051935093 0.2744984954908505,1.9255346413249073
0.787391904538524 0.7196805005194072,2.895336408812025
0.3034238443801739 0.1226076933281719,1.5427957396332714
0.861219032676621 0.7728109083056863,3.479073470639042
0.08906637326066935 0.6865216354389594,1.0288635161304427
0.5787245955559309 0.09036564623856302,2.0918687316637854
0.16704390753644693 0.20099291953773168,0.7157422927591386
0.7504029943320509 0.6091474449115737,2.5354855556547227
0.6923890472632603 0.8076918082006901,3.1296497053343244
0.6558971113728261 0.017605347957112327,2.0355969647165386
0.6745469636143965 0.9035259923762948,3.025343673950265
0.8696039803715682 0.9525107543298599,3.0909210426731355
0.7915913213238689 0.20786508118616998,2.122012968806903
0.9622067005165217 0.8452013674215738,2.798106826904606
0.9405206015371097 0.08542504492180125,1.9747255002416688
0.2762680382804895 0.8466868112968275,2.0376335718030534
0.45676305976536946 0.8111947526925062,1.7545283016772295
0.7711230026884689 0.4627779329560362,2.3465324677050123
0.675862371025872 0.185209715782924,1.8397465044791241
0.7456197899361838 0.1391797477757406,2.582639134885241
0.27605471693535 0.1914542130888306,1.226270276459515
0.04478114701534708 0.03780699909178886,0.41816586808891454
0.5604977178338875 0.26942978973883114,2.101443451958779
0.26443581609683087 0.5866410880911362,1.194721847749339
0.4255788731725826 0.2697743017491824,1.3607707205470019
0.5927992550670577 0.714426748668503,2.8140398823109867
0.04305096727637536 0.6061136573203278,0.7333706909707642
0.07555004824989953 0.7757198368784929,1.157563144550231
0.44830527911881723 0.8144880841256612,2.641232782873661
0.27168415703348037 0.6668788376937114,1.2491467191636327
0.2535410040458871 0.6398812855071035,1.7246378681694299
0.8309812579148163 0.5211339236762573,2.3806730033015877
0.12319042659113089 0.922472593580081,1.2892599019397775
0.23001431436108877 0.8248558728855884,2.1935380875945625
0.9283957015189631 0.35874767822780995,2.9885285553309062
0.26292336160852103 0.05985004521670212,0.7565305033457564
0.14888752319967713 0.4449112432098693,0.9842435796861745
0.05250265333052573 0.4784275528611889,0.586776950488087
0.0763166731674163 0.2926952683353995,0.4682249869782781
0.8804830647867172 0.0045409809147261004,2.6585786805224303
0.32774803940595265 0.5814755860989815,2.0694568221874468
0.7655019088775586 0.17520396535594318,1.7571683528261453
0.6422745180303789 0.2854880918885301,2.3047925871240746
0.7141385195637743 0.6962443069258563,2.8414997669865674
0.7623032495806757 0.004482494196723308,2.487500282129414
0.23415625513031857 0.5753878907746975,1.2898394986852333
0.19404974192623936 0.9169289692928393,1.9719816691756118
0.8014276438245167 0.7847612943595412,2.7004138256881327
0.31125284016675536 0.5161282906800566,2.0034131231681873
0.5527639023061415 0.3446931502159537,1.7284229067891523
0.762031393174187 0.14871831701006466,2.6516029735724214
0.3199040815130636 0.3692451904089711,1.5780222661395693
0.6754219199419976 0.7390399495289277,2.0945198446769537
0.06667501912761464 0.04010613231557125,0.7796933044071864
0.7488145491297091 0.9562996326077764,3.1898780342841877
0.6724545851888452 0.8814154745238153,2.7187603682726325
0.20414318836565204 0.05607990560187481,1.4530390478418787
0.25680910397242374 0.9217688315670614,2.4107635636818956
0.30211213613006216 0.37739771486339735,1.7121278963796556
0.7916432980415258 0.9142617206594799,2.7414466192031712
0.8254973216571194 0.09142313035602634,2.2950774745174694
0.6867457731259977 0.3211938183086913,2.632246592087331
0.7761572056105701 0.002345840869634519,2.162494892175361
0.32808023467543024 0.06705694357126502,0.7387122528988067
0.6227185984238671 0.46235395830683423,1.7165169358372134
0.8963080622251923 0.7239104062688941,2.9518499763139014
0.3399609661165993 0.4862327196781778,2.0052839659635335
0.021989510485433628 0.4588676352670602,1.0552492961401456
0.8534906953057326 0.46854952548214923,2.793851750667924
0.14354475857643212 0.836640812629371,1.8102118832471943
0.7111452254174719 0.4453858935489434,2.025669335698545
0.9178451459208689 0.33322669103274083,2.941451324842425
0.34995840588217 0.7300819437254279,1.670947582895196
0.0044873780735213975 0.020210652258443762,0.5212450948263604
0.16917703144064855 0.4921721819787507,1.313358048046374
0.6781416350304175 0.5211027143188776,2.152116517566921
0.4636167272770336 0.732424024491892,2.123326887813852
0.05472764207174219 0.739068241243951,1.2017980139756053
0.9642672423817114 0.802716570705875,2.9432772991395817
0.7129699809886314 0.29042861494200967,2.538299123717196
0.1802710441365375 0.23328326531216892,1.3139024704242375
0.686571922548648 0.2963386294996747,2.1011406969079465
0.9013622523380617 0.6441955481764964,3.267493010469283
0.6623712182144983 0.5822819877458155,2.125562598056235
0.2065339104128332 0.8005826056246497,1.341359566346874
0.85119851337292 0.9350507213918571,3.627397990135345
0.6574191884701308 0.15095834440305023,2.1708797722311495
0.7072053261036856 0.49718461675222114,2.451252800004554
0.5139141003529699 0.48309238825508694,1.759499028084333
0.818421287328823 0.996695427610237,2.8433630680110515
0.5317474869910119 0.9659798016926248,2.6203884973370393
0.8119857757868466 0.7345757643248082,2.6282220933797915
0.14664776469274843 0.7279224417670277,1.5515839345646247
0.5880543979204957 0.0988907586639729,1.9300382207299518
0.33709975054782426 0.7780688242225678,2.210410910470503
0.14414393842329432 0.7105603875770158,1.8798934563176573
0.31009975545934687 0.24538394888556592,1.417999658854355
0.40753543436452244 0.8969877674393681,2.5233770506137123
0.8953073234721833 0.7113861384209281,2.9801959788683856
0.6355572531660508 0.5103257156913218,1.9480539149913438
0.7224159527172992 0.2298803253019236,2.0666220037756924
0.27676667445978276 0.654280109574853,1.446951921869751
0.05991064850022276 0.27561256629541353,1.2033176114988617
0.49438710282596543 0.9295451896689094,2.1851606532504997
0.12491738100594041 0.017335803098557978,1.2608984921279052
0.8314849688856111 0.15199003814030654,2.5949311673372284
0.08374896923051212 0.06566760616190725,1.0589615905334155
0.5662312260350835 0.16337517417041514,1.6573939616925406
0.6226041108731211 0.6528045212753362,2.1254284673225943
0.28113407401741664 0.8735792556052546,1.5447894793940204
0.7479988239512269 0.24459510820669883,2.3989320074855396
0.07206293587388146 0.1226307563770146,0.47586862846469435
0.47328273528493536 0.6352837595514343,2.048254409496069
0.14752000125432185 0.6678539213089936,1.0875004639167756
0.6829659631376978 0.579214740533128,2.2335739548124014
0.4542103178576459 0.47129617767952203,1.4429095503043023
0.09049779283866821 0.40156668513627336,0.978049436799869
0.3640614562496547 0.3476673456216648,1.5563018582210761
0.8903008560309841 0.05965424828570964,1.9905342952303668
0.9170766486020593 0.9291881613398623,2.8191004365784167
0.13233203540381544 0.7792228123978925,1.245189622485516
0.37781986486470154 0.4372766354910027,2.1289730633457786
0.8678648844314665 0.155233577168713,2.588759137737376
0.3924170352873698 0.5932965230637778,1.9577951421044661
0.3066837837353371 0.7900645755298131,1.8500423556056358
0.3462776690037922 0.6836105881195661,1.5729222917557517
0.5517011710952087 0.32155682868642066,1.876153030264749
0.2681590694641214 0.8289439352515733,1.7539148696119748
0.5715667014085893 0.6569043906701034,2.625611930318481
0.9537168983598083 0.28961192494875543,2.533851028485558
0.18539540276330457 0.8786469259662237,2.0183610350137577
0.9408916490305268 0.4474670172217311,2.6926096569692954
0.9751933468222963 0.2799236164123422,2.7738777284559077
0.631242498396232 0.24309242423582345,2.1768609919914206
0.3192641610264947 0.4498422331931141,2.000097917537005
0.7260476901089922 0.4828499559289071,1.9881883417473736
0.752636029563415 0.28365162454583936,2.738502265349842
0.46436478428735506 0.18017309730536435,1.5334487949627031
0.1552348261096026 0.37218315952717496,1.0057164668973804
0.9296461121918104 0.5443626543322786,2.4721590310740247
0.8547295364362854 0.1591412202460173,2.3926608638629454
0.4601336600527859 0.5436158959432567,1.6911097101202608
0.04306368463138455 0.04706303352322516,0.5740044790202709
0.0394207744397278 0.5173267229493755,1.1417230116557109
0.325974546910332 0.3148797044733974,1.0243822047406752
0.9247035469671138 0.25289083394344203,2.23776571813441
0.4085647991851521 0.36817506657175036,1.2823521849164976
0.3433184622715676 0.7440638305790067,1.8520846403098181
0.8132140402551987 0.31163990408654163,2.640345976170302
0.5954386270716673 0.5038234026649793,2.566602804769483
0.32643479621405735 0.27607344949726675,1.0114618292810849
0.6449425118963943 0.13863259699447916,2.0843893668655267
0.6844853059830247 0.7147476149046769,2.3464133298415395
0.6401656488764534 0.1112071590048308,1.963514279726642
0.3512440860921522 0.348253149376746,2.016982551727842
0.5531765193306416 0.650128395338157,2.5678152672482284
0.04390028216858144 0.4302908200224176,1.1367197238724187
0.6057930185512549 0.44959125602205996,1.9358036304673418
0.22745086928705505 0.25361341187563946,1.2559439202571754
0.7614057625040541 0.3745844533334435,2.441740712356027
0.6125147231902615 0.1673467572520474,1.6680655468221481
0.3474941814430422 0.273226854662754,1.8837296310639502
0.065546506498802 0.8611675907062094,1.9648716862743791
0.4429126031794429 0.8207379418957957,1.8835709525485274
0.7943633553611981 0.9759546248810648,2.6743128512510896
0.437265176376473 0.7060320019995566,1.6354884082128298
0.71997313351224 0.3777747941974061,2.5700310433570395
0.3564601495080162 0.9180492520231706,1.762380216229345
0.48926288013480235 0.22394505101022266,1.3877487841557157
0.5604968156886354 0.5326605476321457,2.325800499056839
0.9695654591017815 0.9495358263242691,3.1683776141446516
0.8886104544160794 0.9824528602381973,3.1280677644722736
0.6636373802454921 0.7898311959621974,2.8971092896079753
0.2997392947661365 0.5095793611350031,1.634160536247567
0.11284805346921978 0.10546620888131653,1.2902071903796306
0.7269438182815465 0.4682247032796192,1.9226666561778427
0.537021215690494 0.7031947178297356,2.5584745273538605
0.3034415846177033 0.9435402294375661,2.368998659993275
0.7118573016024229 0.8925754215654434,2.724138767651607
0.3843178097600345 0.6586899022378513,1.5436736131512192
0.034271912902509194 0.9525561815179722,1.8139343982402598
0.42740345229337595 0.8735399089311253,2.2626739577380057
0.4449693225991951 0.2510217642105623,1.5968363896481452
0.7357921700065472 0.48065606661009297,2.695586419566657
0.7699101850177107 0.4127420491092798,2.864907653259503
0.1243179430099608 0.549127844959761,1.6297977782276327
0.8243668378184313 0.02921833266163909,2.4160024422778448
0.7329395628786229 0.3642152107411507,2.76465797607125
0.3158469995014421 0.7455842605276577,1.686717644833048
0.7630612520178828 0.02298276806782351,2.1867884704629934
0.013299705263594586 0.5821655228741581,1.349602052377514
0.18466187184442684 0.5683766711179739,1.2033253094005296
0.677130722985502 0.4186331966489625,2.412355083720918
0.8427797574268058 0.22214906145058388,1.9651479627077981
0.7421039497810069 0.2806318965839888,2.3508682185695005
0.84945809270327 0.4626087385171965,2.8743124882161646
0.5915320786336341 0.9790217662296165,2.996750862114034
0.847393468888427 0.49870138469196323,2.277558023104075
0.7222098200556665 0.8253465514126052,2.4262563350615114
0.32442636322994745 0.24254326137739624,1.693914327774835
0.8522155250059283 0.4701267240809974,3.1581799144483584
0.1613128161655506 0.9318702372478934,1.9697726268773301
0.18966647314991825 0.4345871072303331,1.808275075793597
0.1456150150850003 0.33153519583895363,0.8028317771633501
0.3747808829895327 0.4625980401212739,2.1445421503978643
0.01563675086830696 0.09911114295712742,0.4584935199701833
0.8931241731889993 0.43963720471154943,2.499117123322523
0.08224308514382794 0.4760447395827968,1.1952168259082638
0.14361768525900154 0.1704702616985887,0.9003379990581425
0.0877824141507918 0.44296497922174405,0.9229096111693632
0.22153254301544256 0.9671398258724511,2.3793044404907313
0.5747845695297601 0.209147870561315,1.9699587144745345
0.5061171892019434 0.8747814908970469,2.762712813833726
0.6669524633318794 0.3683949029636405,2.1988608845794984
0.15966708466920887 0.6694148425136465,1.6707985890144819
0.6038372252828632 0.2112312423084608,2.3474200193458934
0.8219745109830529 0.6031500781652693,3.0618629963645017
0.8236510960199036 0.39661197059926623,2.688613566893194
0.33839579858731494 0.746629344297522,1.7156865687992973
0.1749344565145432 0.5400035445499066,1.1189602502492852
0.5631542425269734 0.6595644889602875,2.1541546810562937
0.4938681132620345 0.09752776418331699,1.5136050765870124
0.9433298856050474 0.597483061806582,3.0449483290462767
0.1963239605361986 0.7930271479793506,1.884356058368182
0.3236844342823837 0.4921167825160848,1.9127917902812306
0.3069932123838811 0.1077930675185288,1.2268159875375415
0.8491474901577372 0.6955620857919491,3.0001317488514916
0.382495516739466 0.17000450488971297,1.313931698781133
0.9659639768267144 0.9867201911179095,3.1640272344181026
0.8572206439400656 0.14570371873830035,2.4124359205475128
0.10473277934347258 0.7603469304070767,1.636704728888616
0.7473999067285401 0.3705013542628045,2.3890037831966846
0.38608867219771037 0.6536322152609396,1.5486789741988383
0.8253590425373277 0.14292937008296513,2.0618626142228638
0.7175283820857739 0.1943150762394883,1.6930867777067427
0.36970483504246854 0.8386233361480177,1.6064318294424675
0.5951158511270439 0.9493098652835957,2.5559369035680293
0.2327588202304841 0.049618128502977865,0.6642255369653711
0.1987203376213228 0.03090223572914874,0.8999305551654103
0.6861446074155093 0.9636620218180855,2.442656239613435
0.20832543071372567 0.23473560280386463,0.9370479079626489
0.16085978053071293 0.013806583360972069,0.4992278643500858
0.6257374343447737 0.47624837860129676,1.8319338596064823
0.041533622516536584 0.003846674650469617,0.5209434578972787
0.6583439758082498 0.5530954599227267,2.6283058232338417
0.18022711466988872 0.3700815142531765,1.6503911660078878
0.3211384431369202 0.08670059260099228,0.8751241341818838
0.5022493119941646 0.31615874139847044,1.7538703108710676
0.907017123908695 0.5171074224182106,2.509773357602537
0.3135257062393487 0.35244071925608145,1.761619467367677
